Filename: mp-17805.cif  La2SnS3O2  appeared: 4 times
Space Group: Pnma no. 62
Orientation Matrix:
6.49	0.00	0.00
-0.00	6.57	0.00
0.00	0.00	20.12
Atoms Locations:
La	[0.50175026 0.24801198 0.5629999 ]
La	[0.49824974 0.75198802 0.0629999 ]
La	[0.00175026 0.25198802 0.4370001 ]
La	[0.99824974 0.74801198 0.9370001 ]
La	[0.49824974 0.75198802 0.4370001 ]
La	[0.99824974 0.74801198 0.5629999 ]
La	[0.00175026 0.25198802 0.0629999 ]
La	[0.50175026 0.24801198 0.9370001 ]
Sn	[0.92965554 0.34784986 0.75      ]
Sn	[0.42965554 0.15215014 0.25      ]
Sn	[0.57034446 0.84784986 0.75      ]
Sn	[0.07034446 0.65215014 0.25      ]
S	[0.48188281 0.74084455 0.25      ]
S	[0.51242137 0.25594899 0.36609627]
S	[0.01242137 0.24405101 0.63390373]
S	[0.01811719 0.24084455 0.25      ]
S	[0.48757863 0.74405101 0.63390373]
S	[0.98188281 0.75915545 0.75      ]
S	[0.48757863 0.74405101 0.86609627]
S	[0.98757863 0.75594899 0.13390373]
S	[0.51811719 0.25915545 0.75      ]
S	[0.01242137 0.24405101 0.86609627]
S	[0.98757863 0.75594899 0.36609627]
S	[0.51242137 0.25594899 0.13390373]
O	[0.74877827 0.49936894 0.49962244]
O	[7.5122173e-01 9.9936894e-01 3.7756000e-04]
O	[2.4877827e-01 6.3106000e-04 9.9962244e-01]
O	[7.4877827e-01 4.9936894e-01 3.7756000e-04]
O	[0.25122173 0.50063106 0.99962244]
O	[0.75122173 0.99936894 0.49962244]
O	[0.25122173 0.50063106 0.50037756]
O	[0.24877827 0.00063106 0.50037756]

