Filename: mp-556172.cif  SiPb4(ClO)4  appeared: 2 times
Space Group: P2_1/c no. 14
Orientation Matrix:
16.50	0.00	0.00
-0.00	8.57	0.32
0.00	0.00	9.19
Atoms Locations:
Si	[0.351537 0.648353 0.366332]
Si	[0.148463 0.148353 0.366332]
Si	[0.648463 0.351647 0.633668]
Si	[0.851537 0.851647 0.633668]
Pb	[0.20207  0.495853 0.569622]
Pb	[0.008356 0.295555 0.155718]
Pb	[0.508356 0.204445 0.844282]
Pb	[0.756331 0.070498 0.892468]
Pb	[0.256331 0.429502 0.107532]
Pb	[0.030242 0.153916 0.654734]
Pb	[0.969758 0.846084 0.345266]
Pb	[0.29793  0.995853 0.569622]
Pb	[0.70207  0.004147 0.430378]
Pb	[0.491644 0.795555 0.155718]
Pb	[0.79793  0.504147 0.430378]
Pb	[0.991644 0.704445 0.844282]
Pb	[0.530242 0.346084 0.345266]
Pb	[0.469758 0.653916 0.654734]
Pb	[0.743669 0.570498 0.892468]
Pb	[0.243669 0.929502 0.107532]
Cl	[0.375833 0.169081 0.161183]
Cl	[0.608862 0.116654 0.12839 ]
Cl	[0.653669 0.619532 0.272812]
Cl	[0.391138 0.883346 0.87161 ]
Cl	[0.153669 0.880468 0.727188]
Cl	[0.346331 0.380468 0.727188]
Cl	[0. 0. 0.]
Cl	[0.108862 0.383346 0.87161 ]
Cl	[0.124167 0.669081 0.161183]
Cl	[0.  0.5 0.5]
Cl	[0.875833 0.330919 0.838817]
Cl	[0.624167 0.830919 0.838817]
Cl	[0.846331 0.119532 0.272812]
Cl	[0.891138 0.616654 0.12839 ]
Cl	[0.5 0.  0.5]
Cl	[0.5 0.5 0. ]
O	[0.828792 0.769049 0.473987]
O	[0.953329 0.895661 0.624829]
O	[0.453329 0.604339 0.375171]
O	[0.546671 0.395661 0.624829]
O	[0.210524 0.993445 0.352964]
O	[0.671208 0.269049 0.473987]
O	[0.289476 0.493445 0.352964]
O	[0.344105 0.763312 0.212822]
O	[0.171208 0.230951 0.526013]
O	[0.710524 0.506555 0.647036]
O	[0.046671 0.104339 0.375171]
O	[0.789476 0.006555 0.647036]
O	[0.844105 0.736688 0.787178]
O	[0.155895 0.263312 0.212822]
O	[0.655895 0.236688 0.787178]
O	[0.328792 0.730951 0.526013]

