Filename: mp-1200439.cif  LiAl(CN2)2  appeared: 2 times
Space Group: Pbcn no. 60
Orientation Matrix:
5.99	0.00	0.00
-0.00	6.95	0.00
0.00	0.00	9.57
Atoms Locations:
Li	[0.25     0.614126 0.      ]
Li	[0.75     0.885874 0.5     ]
Li	[0.75     0.385874 0.      ]
Li	[0.25     0.114126 0.5     ]
In	[0.25     0.129177 0.      ]
In	[0.75     0.370823 0.5     ]
In	[0.75     0.870823 0.      ]
In	[0.25     0.629177 0.5     ]
C	[0.420028 0.38304  0.755221]
C	[0.920028 0.11696  0.744779]
C	[0.579972 0.11696  0.255221]
C	[0.079972 0.38304  0.244779]
C	[0.579972 0.61696  0.244779]
C	[0.079972 0.88304  0.255221]
C	[0.420028 0.88304  0.744779]
C	[0.920028 0.61696  0.755221]
N	[0.410442 0.370538 0.882352]
N	[0.910442 0.129462 0.617648]
N	[0.589558 0.129462 0.382352]
N	[0.089558 0.370538 0.117648]
N	[0.589558 0.629462 0.117648]
N	[0.089558 0.870538 0.382352]
N	[0.410442 0.870538 0.617648]
N	[0.910442 0.629462 0.882352]
N	[0.431507 0.398451 0.625579]
N	[0.931507 0.101549 0.874421]
N	[0.568493 0.101549 0.125579]
N	[0.068493 0.398451 0.374421]
N	[0.568493 0.601549 0.374421]
N	[0.068493 0.898451 0.125579]
N	[0.431507 0.898451 0.874421]
N	[0.931507 0.601549 0.625579]

