Filename: mp-1199926.cif  K2AlSO4F3  appeared: 4 times
Space Group: P2_1/c no. 14
Orientation Matrix:
11.94	0.00	0.00
-0.00	7.56	0.34
0.00	0.00	9.41
Atoms Locations:
Cs	[0.187776 0.79141  0.330544]
Cs	[0.687776 0.20859  0.169456]
Cs	[0.812224 0.20859  0.669456]
Cs	[0.312224 0.79141  0.830544]
Cs	[0.309632 0.288285 0.175253]
Cs	[0.809632 0.711715 0.324747]
Cs	[0.690368 0.711715 0.824747]
Cs	[0.190368 0.288285 0.675253]
Mn	[0.  0.5 0. ]
Mn	[0.5 0.5 0.5]
Mn	[0. 0. 0.]
Mn	[0.5 0.  0.5]
S	[0.99799  0.254206 0.290594]
S	[0.49799  0.745794 0.209406]
S	[0.00201  0.745794 0.709406]
S	[0.50201  0.254206 0.790594]
O	[0.453174 0.892188 0.295755]
O	[0.953174 0.107812 0.204245]
O	[0.546826 0.107812 0.704245]
O	[0.046826 0.892188 0.795755]
O	[0.047107 0.398971 0.188343]
O	[0.547107 0.601029 0.311657]
O	[0.952893 0.601029 0.811657]
O	[0.452893 0.398971 0.688343]
O	[0.90617  0.329162 0.372762]
O	[0.40617  0.670838 0.127238]
O	[0.09383  0.670838 0.627238]
O	[0.59383  0.329162 0.872762]
O	[0.092575 0.191729 0.379753]
O	[0.592575 0.808271 0.120247]
O	[0.907425 0.808271 0.620247]
O	[0.407425 0.191729 0.879753]
F	[0.347367 0.51793  0.453308]
F	[0.847367 0.48207  0.046692]
F	[0.652633 0.48207  0.546692]
F	[0.152633 0.51793  0.953308]
F	[0.152767 0.019554 0.03759 ]
F	[0.652767 0.980446 0.46241 ]
F	[0.847233 0.980446 0.96241 ]
F	[0.347233 0.019554 0.53759 ]
F	[0.001547 0.762611 0.091107]
F	[0.501547 0.237389 0.408893]
F	[0.998453 0.237389 0.908893]
F	[0.498453 0.762611 0.591107]

