Filename: mp-1194504.cif  Co2(GeS)3  appeared: 8 times
Space Group: R-3 no. 148
Orientation Matrix:
9.03	0.00	0.01
0.01	9.03	0.01
0.00	0.00	9.03
Atoms Locations:
Sn	[0.50062828 0.34958985 0.1679616 ]
Sn	[0.1679616  0.50062828 0.34958985]
Sn	[0.34958985 0.1679616  0.50062828]
Sn	[0.49937172 0.65041015 0.8320384 ]
Sn	[0.8320384  0.49937172 0.65041015]
Sn	[0.65041015 0.8320384  0.49937172]
Sn	[0.99837109 0.8488273  0.33259828]
Sn	[0.33259828 0.99837109 0.8488273 ]
Sn	[0.8488273  0.33259828 0.99837109]
Sn	[0.00162891 0.1511727  0.66740172]
Sn	[0.66740172 0.00162891 0.1511727 ]
Sn	[0.1511727  0.66740172 0.00162891]
Ir	[0.24587803 0.24587803 0.24587803]
Ir	[0.75412197 0.75412197 0.75412197]
Ir	[0.24482019 0.74545726 0.74492213]
Ir	[0.74492213 0.24482019 0.74545726]
Ir	[0.74545726 0.74492213 0.24482019]
Ir	[0.75517981 0.25454274 0.25507787]
Ir	[0.25507787 0.75517981 0.25454274]
Ir	[0.25454274 0.25507787 0.75517981]
Se	[0.65299487 0.99858791 0.85193029]
Se	[0.85193029 0.65299487 0.99858791]
Se	[0.99858791 0.85193029 0.65299487]
Se	[0.34700513 0.00141209 0.14806971]
Se	[0.14806971 0.34700513 0.00141209]
Se	[0.00141209 0.14806971 0.34700513]
Se	[0.15250435 0.49962245 0.64900617]
Se	[0.64900617 0.15250435 0.49962245]
Se	[0.49962245 0.64900617 0.15250435]
Se	[0.84749565 0.50037755 0.35099383]
Se	[0.35099383 0.84749565 0.50037755]
Se	[0.50037755 0.35099383 0.84749565]

