Filename: mp-29994.cif  La3C2Br3  appeared: 2 times
Space Group: C222_1 no. 20
Orientation Matrix:
10.45	0.00	0.00
-3.93	9.69	0.00
0.00	0.00	17.31
Atoms Locations:
La	[0.165146 0.834854 0.25    ]
La	[0.834854 0.165146 0.75    ]
La	[0.98397  0.449448 0.603683]
La	[0.01603  0.550552 0.103683]
La	[0.449448 0.98397  0.396317]
La	[0.550552 0.01603  0.896317]
La	[0.225008 0.252434 0.395227]
La	[0.774992 0.747566 0.895227]
La	[0.252434 0.225008 0.604773]
La	[0.747566 0.774992 0.104773]
La	[0.608757 0.322316 0.517109]
La	[0.391243 0.677684 0.017109]
La	[0.322316 0.608757 0.482891]
La	[0.677684 0.391243 0.982891]
La	[0.884435 0.141119 0.497402]
La	[0.115565 0.858881 0.997402]
La	[0.141119 0.884435 0.502598]
La	[0.858881 0.115565 0.002598]
La	[0.375257 0.624743 0.25    ]
La	[0.624743 0.375257 0.75    ]
La	[0.987647 0.479936 0.875649]
La	[0.012353 0.520064 0.375649]
La	[0.479936 0.987647 0.124351]
La	[0.520064 0.012353 0.624351]
C	[0.859583 0.663149 0.023836]
C	[0.140417 0.336851 0.523836]
C	[0.663149 0.859583 0.976164]
C	[0.336851 0.140417 0.476164]
C	[0.9134   0.599715 0.96825 ]
C	[0.0866   0.400285 0.46825 ]
C	[0.599715 0.9134   0.03175 ]
C	[0.400285 0.0866   0.53175 ]
C	[0.713019 0.273088 0.650255]
C	[0.286981 0.726912 0.150255]
C	[0.273088 0.713019 0.349745]
C	[0.726912 0.286981 0.849745]
C	[0.783913 0.226339 0.905136]
C	[0.216087 0.77366  0.405136]
C	[0.22634  0.783913 0.094864]
C	[0.77366  0.216087 0.594864]
Br	[0.244525 0.731689 0.629289]
Br	[0.755475 0.268311 0.129289]
Br	[0.731689 0.244525 0.370711]
Br	[0.268311 0.755475 0.870711]
Br	[0.857387 0.616665 0.502892]
Br	[0.142613 0.383335 0.002892]
Br	[0.616665 0.857387 0.497108]
Br	[0.383335 0.142613 0.997108]
Br	[0.134563 0.369287 0.740754]
Br	[0.865437 0.630713 0.240754]
Br	[0.369287 0.134563 0.259246]
Br	[0.630713 0.865437 0.759246]
Br	[0.505744 0.494276 0.383928]
Br	[0.494256 0.505724 0.883928]
Br	[0.494276 0.505744 0.616072]
Br	[0.505724 0.494256 0.116072]
Br	[0.897638 0.632311 0.742358]
Br	[0.102362 0.367689 0.242358]
Br	[0.632311 0.897638 0.257642]
Br	[0.367689 0.102362 0.757642]
Br	[0.024686 0.01353  0.13103 ]
Br	[0.975314 0.98647  0.63103 ]
Br	[0.01353  0.024686 0.86897 ]
Br	[0.98647  0.975314 0.36897 ]

