Filename: mp-1200887.cif  Sr2LiCBr3N2  appeared: 3 times
Space Group: Fd-3m no. 227
Orientation Matrix:
9.35	0.00	5.40
3.12	8.82	5.40
0.00	0.00	10.80
Atoms Locations:
Li	[0.625 0.125 0.125]
Li	[0.125 0.625 0.125]
Li	[0.125 0.125 0.625]
Li	[0.125 0.125 0.125]
Eu	[0.775294 0.408235 0.408235]
Eu	[0.408235 0.775294 0.408235]
Eu	[0.408235 0.408235 0.775294]
Eu	[0.408235 0.408235 0.408235]
Eu	[0.474706 0.841765 0.841765]
Eu	[0.841765 0.474706 0.841765]
Eu	[0.841765 0.841765 0.474706]
Eu	[0.841765 0.841765 0.841765]
C	[0.125 0.625 0.625]
C	[0.625 0.125 0.625]
C	[0.625 0.625 0.125]
C	[0.625 0.625 0.625]
I	[0.800291 0.800291 0.199709]
I	[0.199709 0.199709 0.800291]
I	[0.800291 0.199709 0.800291]
I	[0.199709 0.800291 0.199709]
I	[0.199709 0.800291 0.800291]
I	[0.800291 0.199709 0.199709]
I	[0.449709 0.449709 0.050291]
I	[0.050291 0.050291 0.449709]
I	[0.449709 0.050291 0.449709]
I	[0.050291 0.449709 0.050291]
I	[0.050291 0.449709 0.449709]
I	[0.449709 0.050291 0.050291]
N	[0.265682 0.578106 0.578106]
N	[0.578106 0.265682 0.578106]
N	[0.578106 0.578106 0.265682]
N	[0.578106 0.578106 0.578106]
N	[0.984318 0.671894 0.671894]
N	[0.671894 0.984318 0.671894]
N	[0.671894 0.671894 0.984318]
N	[0.671894 0.671894 0.671894]

