Filename: mp-555160.cif  RbErSeCl2O3  appeared: 3 times
Space Group: P2_1/c no. 14
Orientation Matrix:
7.08	0.00	0.00
-0.00	6.54	1.53
0.00	0.00	18.18
Atoms Locations:
Cs	[0.207375 0.756332 0.054876]
Cs	[0.292625 0.756332 0.554876]
Cs	[0.707375 0.243668 0.445124]
Cs	[0.792625 0.243668 0.945124]
Y	[0.325826 0.140192 0.742341]
Y	[0.674174 0.859808 0.257659]
Y	[0.825826 0.859808 0.757659]
Y	[0.174174 0.140192 0.242341]
Se	[0.821095 0.361552 0.70728 ]
Se	[0.178905 0.638448 0.29272 ]
Se	[0.678905 0.361552 0.20728 ]
Se	[0.321095 0.638448 0.79272 ]
Cl	[0.184331 0.126191 0.389727]
Cl	[0.154637 0.231991 0.091581]
Cl	[0.684331 0.873809 0.110273]
Cl	[0.654637 0.768009 0.408419]
Cl	[0.315669 0.126191 0.889727]
Cl	[0.845363 0.768009 0.908419]
Cl	[0.345363 0.231991 0.591581]
Cl	[0.815669 0.873809 0.610273]
O	[0.849215 0.177259 0.243934]
O	[0.501215 0.817409 0.765236]
O	[0.998785 0.817409 0.265236]
O	[0.001215 0.182591 0.734764]
O	[0.150785 0.822741 0.756066]
O	[0.498785 0.182591 0.234764]
O	[0.829833 0.506715 0.772514]
O	[0.670167 0.506715 0.272514]
O	[0.329833 0.493285 0.727486]
O	[0.650785 0.177259 0.743934]
O	[0.349215 0.822741 0.256066]
O	[0.170167 0.493285 0.227486]

