Filename: mp-1202969.cif  Re3S4Cl  appeared: 4 times
Space Group: P2_1/c no. 14
Orientation Matrix:
12.25	0.00	0.00
-0.00	6.06	2.83
0.00	0.00	11.46
Atoms Locations:
Tc	[0.5552   0.041112 0.338859]
Tc	[0.9448   0.041112 0.838859]
Tc	[0.4448   0.958888 0.661141]
Tc	[0.0552   0.958888 0.161141]
Tc	[0.357915 0.964407 0.449945]
Tc	[0.142085 0.964407 0.949945]
Tc	[0.642085 0.035593 0.550055]
Tc	[0.857915 0.035593 0.050055]
Tc	[0.522608 0.69812  0.559918]
Tc	[0.977392 0.69812  0.059918]
Tc	[0.477392 0.30188  0.440082]
Tc	[0.022608 0.30188  0.940082]
Se	[0.434012 0.731832 0.343186]
Se	[0.065988 0.731832 0.843186]
Se	[0.565988 0.268168 0.656814]
Se	[0.934012 0.268168 0.156814]
Se	[0.338226 0.637608 0.66549 ]
Se	[0.161774 0.637608 0.16549 ]
Se	[0.661774 0.362392 0.33451 ]
Se	[0.838226 0.362392 0.83451 ]
Se	[0.396221 0.296101 0.240451]
Se	[0.103779 0.296101 0.740451]
Se	[0.603779 0.703899 0.759549]
Se	[0.896221 0.703899 0.259549]
Se	[0.707102 0.782407 0.455539]
Se	[0.792898 0.782407 0.955539]
Se	[0.292898 0.217593 0.544461]
Se	[0.207102 0.217593 0.044461]
I	[0.134021 0.88944  0.408066]
I	[0.365979 0.88944  0.908066]
I	[0.865979 0.11056  0.591934]
I	[0.634021 0.11056  0.091934]

Filename: mp-29097.cif  Hg3TeCl4  appeared: 2 times
Space Group: Pbca no. 61
Orientation Matrix:
13.03	0.00	0.00
-0.00	13.25	0.00
0.00	0.00	13.38
Atoms Locations:
Hg	[0.619525 0.089347 0.188576]
Hg	[0.319798 0.30906  0.23485 ]
Hg	[0.180202 0.69094  0.73485 ]
Hg	[0.680202 0.80906  0.26515 ]
Hg	[0.180202 0.80906  0.23485 ]
Hg	[0.680202 0.69094  0.76515 ]
Hg	[0.819798 0.30906  0.26515 ]
Hg	[0.319798 0.19094  0.73485 ]
Hg	[0.819798 0.19094  0.76515 ]
Hg	[0.119525 0.410653 0.811424]
Hg	[0.380475 0.589347 0.311424]
Hg	[0.880475 0.910653 0.688576]
Hg	[0.380475 0.910653 0.811424]
Hg	[0.880475 0.589347 0.188576]
Hg	[0.619525 0.410653 0.688576]
Hg	[0.119525 0.089347 0.311424]
Hg	[0.230939 0.096891 0.012901]
Hg	[0.730939 0.403109 0.987099]
Hg	[0.769061 0.596891 0.487099]
Hg	[0.269061 0.903109 0.512901]
Hg	[0.769061 0.903109 0.987099]
Hg	[0.269061 0.596891 0.012901]
Hg	[0.230939 0.403109 0.512901]
Hg	[0.730939 0.096891 0.487099]
Te	[0.402705 0.096076 0.897401]
Te	[0.902705 0.403924 0.102599]
Te	[0.597295 0.596076 0.602599]
Te	[0.097295 0.903924 0.397401]
Te	[0.597295 0.903924 0.102599]
Te	[0.097295 0.596076 0.897401]
Te	[0.402705 0.403924 0.397401]
Te	[0.902705 0.096076 0.602599]
Br	[0.331866 0.098145 0.228602]
Br	[0.831866 0.401855 0.771398]
Br	[0.668134 0.598145 0.271398]
Br	[0.168134 0.901855 0.728602]
Br	[0.668134 0.901855 0.771398]
Br	[0.168134 0.598145 0.228602]
Br	[0.331866 0.401855 0.728602]
Br	[0.831866 0.098145 0.271398]
Br	[0.057914 0.084941 0.100208]
Br	[0.557914 0.415059 0.899792]
Br	[0.942086 0.584941 0.399792]
Br	[0.442086 0.915059 0.600208]
Br	[0.942086 0.915059 0.899792]
Br	[0.442086 0.584941 0.100208]
Br	[0.057914 0.415059 0.600208]
Br	[0.595565 0.216522 0.676315]
Br	[0.761917 0.165026 0.948299]
Br	[0.261917 0.334974 0.051701]
Br	[0.238083 0.665026 0.551701]
Br	[0.738083 0.834974 0.448299]
Br	[0.238083 0.834974 0.051701]
Br	[0.738083 0.665026 0.948299]
Br	[0.761917 0.334974 0.448299]
Br	[0.261917 0.165026 0.551701]
Br	[0.095565 0.216522 0.823685]
Br	[0.595565 0.283478 0.176315]
Br	[0.904435 0.716522 0.676315]
Br	[0.404435 0.783478 0.323685]
Br	[0.904435 0.783478 0.176315]
Br	[0.404435 0.716522 0.823685]
Br	[0.095565 0.283478 0.323685]
Br	[0.557914 0.084941 0.399792]

