Filename: mp-1202357.cif  CsRe3(S2Br)2  appeared: 3 times
Space Group: P2_1/c no. 14
Orientation Matrix:
19.35	0.00	0.00
-0.00	6.06	2.82
0.00	0.00	10.33
Atoms Locations:
Cs	[0.690074 0.050294 0.941441]
Cs	[0.190074 0.949706 0.558559]
Cs	[0.809926 0.050294 0.441441]
Cs	[0.309926 0.949706 0.058559]
Re	[0.494171 0.780474 0.428068]
Re	[0.057776 0.825528 0.155078]
Re	[0.505829 0.219526 0.571932]
Re	[0.580384 0.859922 0.604589]
Re	[0.919616 0.859922 0.104589]
Re	[0.005829 0.780474 0.928068]
Re	[0.080384 0.140078 0.895411]
Re	[0.442224 0.825528 0.655078]
Re	[0.419616 0.140078 0.395411]
Re	[0.994171 0.219526 0.071932]
Re	[0.557776 0.174472 0.344922]
Re	[0.942224 0.174472 0.844922]
S	[0.369113 0.767195 0.477669]
S	[0.119822 0.170569 0.113541]
S	[0.630887 0.232805 0.522331]
S	[0.025696 0.085108 0.695064]
S	[0.516269 0.503385 0.68408 ]
S	[0.869113 0.232805 0.022331]
S	[0.525696 0.914892 0.804936]
S	[0.130887 0.767195 0.977669]
S	[0.474304 0.085108 0.195064]
S	[0.619822 0.829431 0.386459]
S	[0.974304 0.914892 0.304936]
S	[0.483731 0.496615 0.31592 ]
S	[0.880178 0.829431 0.886459]
S	[0.983731 0.503385 0.18408 ]
S	[0.016269 0.496615 0.81592 ]
S	[0.380178 0.170569 0.613541]
Br	[0.361088 0.592568 0.867762]
Br	[0.638912 0.407432 0.132238]
Br	[0.861088 0.407432 0.632238]
Br	[0.695884 0.680529 0.741863]
Br	[0.804116 0.680529 0.241863]
Br	[0.195884 0.319471 0.758137]
Br	[0.304116 0.319471 0.258137]
Br	[0.138912 0.592568 0.367762]

Filename: mp-554429.cif  Mg3Si(O2F)2  appeared: 2 times
Space Group: Pnma no. 62
Orientation Matrix:
4.93	0.00	0.00
-0.00	9.32	0.00
0.00	0.00	10.96
Atoms Locations:
Mg	[0.989972 0.430367 0.36676 ]
Mg	[0.993999 0.25     0.092941]
Mg	[0.510028 0.069633 0.86676 ]
Mg	[0.989972 0.069633 0.36676 ]
Mg	[0.006001 0.75     0.907059]
Mg	[0.506001 0.25     0.592941]
Mg	[0.010028 0.930367 0.63324 ]
Mg	[0.510028 0.430367 0.86676 ]
Mg	[0.493999 0.75     0.407059]
Mg	[0.010028 0.569633 0.63324 ]
Mg	[0.489972 0.569633 0.13324 ]
Mg	[0.489972 0.930367 0.13324 ]
Si	[0.080306 0.25     0.780461]
Si	[0.419694 0.25     0.280461]
Si	[0.919694 0.75     0.219539]
Si	[0.580306 0.75     0.719539]
O	[0.731628 0.896508 0.79111 ]
O	[0.268372 0.103492 0.20889 ]
O	[0.237705 0.75     0.721083]
O	[0.777726 0.75     0.074233]
O	[0.277726 0.25     0.425767]
O	[0.722274 0.75     0.574233]
O	[0.768372 0.896508 0.29111 ]
O	[0.762295 0.25     0.278917]
O	[0.268372 0.396508 0.20889 ]
O	[0.731628 0.603492 0.79111 ]
O	[0.262295 0.75     0.221083]
O	[0.231628 0.103492 0.70889 ]
O	[0.222274 0.25     0.925767]
O	[0.768372 0.603492 0.29111 ]
O	[0.737705 0.25     0.778917]
O	[0.231628 0.396508 0.70889 ]
F	[0.272364 0.915916 0.967388]
F	[0.227636 0.584084 0.467388]
F	[0.727636 0.084084 0.032612]
F	[0.727636 0.415916 0.032612]
F	[0.772364 0.415916 0.532612]
F	[0.227636 0.915916 0.467388]
F	[0.772364 0.084084 0.532612]
F	[0.272364 0.584084 0.967388]

