Filename: mp-1203526.cif  Cd4P2Cl3  appeared: 5 times
Space Group: Pa-3 no. 205
Orientation Matrix:
12.76	0.00	0.00
-0.00	12.76	0.00
0.00	0.00	12.76
Atoms Locations:
Cd	[0.25065346 0.52851108 0.98749215]
Cd	[0.74934654 0.02851108 0.51250785]
Cd	[0.24934654 0.47148892 0.48749215]
Cd	[0.75065346 0.97148892 0.01250785]
Cd	[0.98749215 0.25065346 0.52851108]
Cd	[0.51250785 0.74934654 0.02851108]
Cd	[0.48749215 0.24934654 0.47148892]
Cd	[0.01250785 0.75065346 0.97148892]
Cd	[0.52851108 0.98749215 0.25065346]
Cd	[0.02851108 0.51250785 0.74934654]
Cd	[0.47148892 0.48749215 0.24934654]
Cd	[0.97148892 0.01250785 0.75065346]
Cd	[0.74934654 0.47148892 0.01250785]
Cd	[0.25065346 0.97148892 0.48749215]
Cd	[0.75065346 0.52851108 0.51250785]
Cd	[0.24934654 0.02851108 0.98749215]
Cd	[0.01250785 0.74934654 0.47148892]
Cd	[0.48749215 0.25065346 0.97148892]
Cd	[0.51250785 0.75065346 0.52851108]
Cd	[0.98749215 0.24934654 0.02851108]
Cd	[0.47148892 0.01250785 0.74934654]
Cd	[0.97148892 0.48749215 0.25065346]
Cd	[0.52851108 0.51250785 0.75065346]
Cd	[0.02851108 0.98749215 0.24934654]
Cd	[0.27949812 0.72050188 0.22050188]
Cd	[0.72050188 0.22050188 0.27949812]
Cd	[0.22050188 0.27949812 0.72050188]
Cd	[0.77949812 0.77949812 0.77949812]
Cd	[0.72050188 0.27949812 0.77949812]
Cd	[0.27949812 0.77949812 0.72050188]
Cd	[0.77949812 0.72050188 0.27949812]
Cd	[0.22050188 0.22050188 0.22050188]
As	[0.05430675 0.94569325 0.44569325]
As	[0.94569325 0.44569325 0.05430675]
As	[0.44569325 0.05430675 0.94569325]
As	[0.55430675 0.55430675 0.55430675]
As	[0.94569325 0.05430675 0.55430675]
As	[0.05430675 0.55430675 0.94569325]
As	[0.55430675 0.94569325 0.05430675]
As	[0.44569325 0.44569325 0.44569325]
As	[0.39608802 0.60391198 0.10391198]
As	[0.60391198 0.10391198 0.39608802]
As	[0.10391198 0.39608802 0.60391198]
As	[0.89608802 0.89608802 0.89608802]
As	[0.60391198 0.39608802 0.89608802]
As	[0.39608802 0.89608802 0.60391198]
As	[0.89608802 0.60391198 0.39608802]
As	[0.10391198 0.10391198 0.10391198]
Br	[0.23460119 0.68550084 0.43070216]
Br	[0.76539881 0.18550084 0.06929784]
Br	[0.26539881 0.31449916 0.93070216]
Br	[0.73460119 0.81449916 0.56929784]
Br	[0.43070216 0.23460119 0.68550084]
Br	[0.06929784 0.76539881 0.18550084]
Br	[0.93070216 0.26539881 0.31449916]
Br	[0.56929784 0.73460119 0.81449916]
Br	[0.68550084 0.43070216 0.23460119]
Br	[0.18550084 0.06929784 0.76539881]
Br	[0.31449916 0.93070216 0.26539881]
Br	[0.81449916 0.56929784 0.73460119]
Br	[0.76539881 0.31449916 0.56929784]
Br	[0.23460119 0.81449916 0.93070216]
Br	[0.73460119 0.68550084 0.06929784]
Br	[0.26539881 0.18550084 0.43070216]
Br	[0.56929784 0.76539881 0.31449916]
Br	[0.93070216 0.23460119 0.81449916]
Br	[0.06929784 0.73460119 0.68550084]
Br	[0.43070216 0.26539881 0.18550084]
Br	[0.31449916 0.56929784 0.76539881]
Br	[0.81449916 0.93070216 0.23460119]
Br	[0.68550084 0.06929784 0.73460119]
Br	[0.18550084 0.43070216 0.26539881]

Filename: mp-510240.cif  K2Ag4S3  appeared: 3 times
Space Group: C2/m no. 12
Orientation Matrix:
4.29	0.00	0.00
-2.15	8.60	-2.85
0.00	0.00	11.86
Atoms Locations:
Rb	[0.18812184 0.37624368 0.84212964]
Rb	[0.81187816 0.62375632 0.15787036]
Rb	[0.33064564 0.66128928 0.65855409]
Rb	[0.66935436 0.33871072 0.34144591]
Ag	[0.41252725 0.8250555  0.99131419]
Ag	[0.58747275 0.1749445  0.00868581]
Ag	[0.01262151 0.02524301 0.373264  ]
Ag	[0.98737849 0.97475699 0.626736  ]
Ag	[0.0196051  0.0392102  0.13106469]
Ag	[0.9803949  0.9607898  0.86893531]
Ag	[0.41651483 0.83303066 0.4167773 ]
Ag	[0.58348517 0.16696934 0.5832227 ]
S	[0.46780658 0.93561416 0.22461374]
S	[0.53219342 0.06438584 0.77538626]
S	[0.13787551 0.27575002 0.5411577 ]
S	[0.86212449 0.72424998 0.4588433 ]
S	[0.15365697 0.30731394 0.10753926]
S	[0.84634303 0.69268606 0.89246074]

