Filename: mp-1205067.cif  KNa4FeO4  appeared: 4 times
Space Group: Pbca no. 61
Orientation Matrix:
5.95	0.00	0.00
-0.00	10.44	0.00
0.00	0.00	18.68
Atoms Locations:
K	[0.9097995  0.15542801 0.4960891 ]
K	[0.5902005  0.65542801 0.5039109 ]
K	[0.4097995  0.84457199 0.0039109 ]
K	[0.0902005  0.34457199 0.9960891 ]
K	[0.0902005  0.84457199 0.5039109 ]
K	[0.4097995  0.34457199 0.4960891 ]
K	[0.5902005  0.15542801 0.9960891 ]
K	[0.9097995  0.65542801 0.0039109 ]
Na	[0.90126624 0.19714337 0.14361731]
Na	[0.59873376 0.69714337 0.85638269]
Na	[0.40126624 0.80285663 0.35638269]
Na	[0.09873376 0.30285663 0.64361731]
Na	[0.09873376 0.80285663 0.85638269]
Na	[0.40126624 0.30285663 0.14361731]
Na	[0.59873376 0.19714337 0.64361731]
Na	[0.90126624 0.69714337 0.35638269]
Na	[0.58097301 0.32582368 0.32295475]
Na	[0.91902699 0.82582368 0.67704525]
Na	[0.08097301 0.67417632 0.17704525]
Na	[0.41902699 0.17417632 0.82295475]
Na	[0.41902699 0.67417632 0.67704525]
Na	[0.08097301 0.17417632 0.32295475]
Na	[0.91902699 0.32582368 0.82295475]
Na	[0.58097301 0.82582368 0.17704525]
Na	[0.57492443 0.07566503 0.25152542]
Na	[0.92507557 0.57566503 0.74847458]
Na	[0.07492443 0.92433497 0.24847458]
Na	[0.42507557 0.42433497 0.75152542]
Na	[0.42507557 0.92433497 0.74847458]
Na	[0.07492443 0.42433497 0.25152542]
Na	[0.92507557 0.07566503 0.75152542]
Na	[0.57492443 0.57566503 0.24847458]
Na	[0.90909771 0.44370512 0.43285839]
Na	[0.59090229 0.94370512 0.56714161]
Na	[0.40909771 0.55629488 0.06714161]
Na	[0.09090229 0.05629488 0.93285839]
Na	[0.09090229 0.55629488 0.56714161]
Na	[0.40909771 0.05629488 0.43285839]
Na	[0.59090229 0.44370512 0.93285839]
Na	[0.90909771 0.94370512 0.06714161]
Fe	[0.80346563 0.46239403 0.12852488]
Fe	[0.69653437 0.96239403 0.87147512]
Fe	[0.30346563 0.53760597 0.37147512]
Fe	[0.19653437 0.03760597 0.62852488]
Fe	[0.19653437 0.53760597 0.87147512]
Fe	[0.30346563 0.03760597 0.12852488]
Fe	[0.69653437 0.46239403 0.62852488]
Fe	[0.80346563 0.96239403 0.37147512]
O	[0.62018965 0.03877688 0.12576899]
O	[0.87981035 0.53877688 0.87423101]
O	[0.12018965 0.96122312 0.37423101]
O	[0.37981035 0.46122312 0.62576899]
O	[0.37981035 0.96122312 0.87423101]
O	[0.12018965 0.46122312 0.12576899]
O	[0.87981035 0.03877688 0.62576899]
O	[0.62018965 0.53877688 0.37423101]
O	[0.66525481 0.38500528 0.04864496]
O	[0.83474519 0.88500528 0.95135504]
O	[0.16525481 0.61499472 0.45135504]
O	[0.33474519 0.11499472 0.54864496]
O	[0.33474519 0.61499472 0.95135504]
O	[0.16525481 0.11499472 0.04864496]
O	[0.83474519 0.38500528 0.54864496]
O	[0.66525481 0.88500528 0.45135504]
O	[0.71305277 0.3693139  0.21076074]
O	[0.78694723 0.8693139  0.78923926]
O	[0.21305277 0.6306861  0.28923926]
O	[0.28694723 0.1306861  0.71076074]
O	[0.28694723 0.6306861  0.78923926]
O	[0.21305277 0.1306861  0.21076074]
O	[0.78694723 0.3693139  0.71076074]
O	[0.71305277 0.8693139  0.28923926]
O	[0.70580642 0.1351996  0.36422972]
O	[0.79419358 0.6351996  0.63577028]
O	[0.20580642 0.8648004  0.13577028]
O	[0.29419358 0.3648004  0.86422972]
O	[0.29419358 0.8648004  0.63577028]
O	[0.20580642 0.3648004  0.36422972]
O	[0.79419358 0.1351996  0.86422972]
O	[0.70580642 0.6351996  0.13577028]

