Filename: mp-1194940.cif  Na2FePO4F  appeared: 2 times
Space Group: Pbcn no. 60
Orientation Matrix:
5.28	0.00	0.00
-0.00	11.95	0.00
0.00	0.00	14.04
Atoms Locations:
Na	[0.26372  0.32821  0.755212]
Na	[0.23628  0.82821  0.744788]
Na	[0.76372  0.67179  0.744788]
Na	[0.73628  0.17179  0.755212]
Na	[0.73628  0.67179  0.244788]
Na	[0.76372  0.17179  0.255212]
Na	[0.23628  0.32821  0.255212]
Na	[0.26372  0.82821  0.244788]
Na	[0.239156 0.083426 0.875241]
Na	[0.260844 0.583426 0.624759]
Na	[0.739156 0.916574 0.624759]
Na	[0.760844 0.416574 0.875241]
Na	[0.760844 0.916574 0.124759]
Na	[0.739156 0.416574 0.375241]
Na	[0.260844 0.083426 0.375241]
Na	[0.239156 0.583426 0.124759]
Fe	[0.22774  0.325714 0.990178]
Fe	[0.27226  0.825714 0.509822]
Fe	[0.72774  0.674286 0.509822]
Fe	[0.77226  0.174286 0.990178]
Fe	[0.77226  0.674286 0.009822]
Fe	[0.72774  0.174286 0.490178]
Fe	[0.27226  0.325714 0.490178]
Fe	[0.22774  0.825714 0.009822]
P	[0.203507 0.086992 0.619231]
P	[0.296493 0.586992 0.880769]
P	[0.703507 0.913008 0.880769]
P	[0.796493 0.413008 0.619231]
P	[0.796493 0.913008 0.380769]
P	[0.703507 0.413008 0.119231]
P	[0.296493 0.086992 0.119231]
P	[0.203507 0.586992 0.380769]
O	[0.266935 0.960283 0.61236 ]
O	[0.233065 0.460283 0.88764 ]
O	[0.766935 0.039717 0.88764 ]
O	[0.733065 0.539717 0.61236 ]
O	[0.733065 0.039717 0.38764 ]
O	[0.766935 0.539717 0.11236 ]
O	[0.233065 0.960283 0.11236 ]
O	[0.266935 0.460283 0.38764 ]
O	[0.285173 0.133427 0.716585]
O	[0.214827 0.633427 0.783415]
O	[0.785173 0.866573 0.783415]
O	[0.714827 0.366573 0.716585]
O	[0.714827 0.866573 0.283415]
O	[0.785173 0.366573 0.216585]
O	[0.214827 0.133427 0.216585]
O	[0.285173 0.633427 0.283415]
O	[0.908713 0.102606 0.605623]
O	[0.591287 0.602606 0.894377]
O	[0.408713 0.897394 0.894377]
O	[0.091287 0.397394 0.605623]
O	[0.091287 0.897394 0.394377]
O	[0.408713 0.397394 0.105623]
O	[0.591287 0.102606 0.105623]
O	[0.908713 0.602606 0.394377]
O	[0.339048 0.151132 0.53638 ]
O	[0.160952 0.651132 0.96362 ]
O	[0.839048 0.848868 0.96362 ]
O	[0.660952 0.348868 0.53638 ]
O	[0.660952 0.848868 0.46362 ]
O	[0.839048 0.348868 0.03638 ]
O	[0.160952 0.151132 0.03638 ]
O	[0.339048 0.651132 0.46362 ]
F	[0.       0.25     0.875869]
F	[0.5      0.75     0.624131]
F	[0.       0.75     0.124131]
F	[0.5      0.25     0.375869]
F	[0.5      0.25     0.898767]
F	[0.       0.75     0.601233]
F	[0.5      0.75     0.101233]
F	[0.       0.25     0.398767]

Filename: mp-556404.cif  Na2MnPO4F  appeared: 2 times
Space Group: P2_1/c no. 14
Orientation Matrix:
5.40	0.00	0.00
-0.00	11.98	6.93
0.00	0.00	13.94
Atoms Locations:
Na	[0.235941 0.920589 0.666513]
Na	[0.235865 0.164546 0.171969]
Na	[0.759443 0.334672 0.336243]
Na	[0.264135 0.164546 0.671969]
Na	[0.735941 0.079411 0.833487]
Na	[0.259443 0.665328 0.163757]
Na	[0.239126 0.420206 0.912564]
Na	[0.260874 0.420206 0.412564]
Na	[0.739126 0.579794 0.587436]
Na	[0.240557 0.665328 0.663757]
Na	[0.764059 0.079411 0.333487]
Na	[0.760874 0.579794 0.087436]
Na	[0.764135 0.835454 0.828031]
Na	[0.735865 0.835454 0.328031]
Na	[0.740557 0.334672 0.836243]
Na	[0.264059 0.920589 0.166513]
Mn	[0.227656 0.422926 0.176046]
Mn	[0.770555 0.077217 0.599132]
Mn	[0.729445 0.077217 0.099132]
Mn	[0.272344 0.422926 0.676046]
Mn	[0.229445 0.922783 0.400868]
Mn	[0.727656 0.577074 0.323954]
Mn	[0.772344 0.577074 0.823954]
Mn	[0.270555 0.922783 0.900868]
P	[0.785105 0.33788  0.58434 ]
P	[0.781506 0.837889 0.076794]
P	[0.718494 0.837889 0.576794]
P	[0.214895 0.66212  0.41566 ]
P	[0.218494 0.162111 0.923206]
P	[0.285105 0.66212  0.91566 ]
P	[0.281506 0.162111 0.423206]
P	[0.714895 0.33788  0.08434 ]
O	[0.069193 0.850441 0.056735]
O	[0.647322 0.386066 0.64893 ]
O	[0.289317 0.59686  0.540132]
O	[0.283271 0.787587 0.365231]
O	[0.852678 0.386066 0.14893 ]
O	[0.699599 0.903871 0.134632]
O	[0.427619 0.348254 0.095378]
O	[0.927619 0.651746 0.404622]
O	[0.430807 0.850441 0.556735]
O	[0.710683 0.40314  0.459868]
O	[0.147322 0.613934 0.85107 ]
O	[0.853742 0.883481 0.463771]
O	[0.800401 0.903871 0.634632]
O	[0.199599 0.096129 0.365368]
O	[0.717012 0.71216  0.151653]
O	[0.572381 0.651746 0.904622]
O	[0.146258 0.116519 0.536229]
O	[0.353742 0.116519 0.036229]
O	[0.072381 0.348254 0.595378]
O	[0.930807 0.149559 0.943265]
O	[0.352678 0.613934 0.35107 ]
O	[0.789317 0.40314  0.959868]
O	[0.783271 0.212413 0.134769]
O	[0.217012 0.28784  0.348347]
O	[0.282988 0.28784  0.848347]
O	[0.716729 0.212413 0.634769]
O	[0.300401 0.096129 0.865368]
O	[0.782988 0.71216  0.651653]
O	[0.210683 0.59686  0.040132]
O	[0.216729 0.787587 0.865231]
O	[0.569193 0.149559 0.443265]
O	[0.646258 0.883481 0.963771]
F	[0.499749 0.508528 0.759124]
F	[0.998281 0.999278 0.235883]
F	[0.498281 0.000722 0.264117]
F	[0.999749 0.491472 0.740876]
F	[1.71900e-03 7.22000e-04 7.64117e-01]
F	[2.51000e-04 5.08528e-01 2.59124e-01]
F	[0.500251 0.491472 0.240876]
F	[0.501719 0.999278 0.735883]

