Filename: mp-14988.cif  K4PbO3  appeared: 3 times
Space Group: Pbca no. 61
Orientation Matrix:
6.48	0.00	0.00
-0.00	11.22	0.00
0.00	0.00	18.88
Atoms Locations:
K	[0.87495374 0.32448684 0.34505035]
K	[0.37495374 0.17551316 0.65494965]
K	[0.12504626 0.82448684 0.15494965]
K	[0.62504626 0.67551316 0.84505035]
K	[0.12504626 0.67551316 0.65494965]
K	[0.62504626 0.82448684 0.34505035]
K	[0.87495374 0.17551316 0.84505035]
K	[0.37495374 0.32448684 0.15494965]
K	[0.74263694 0.05653666 0.46383684]
K	[0.24263694 0.44346334 0.53616316]
K	[0.25736306 0.55653666 0.03616316]
K	[0.75736306 0.94346334 0.96383684]
K	[0.25736306 0.94346334 0.53616316]
K	[0.75736306 0.55653666 0.46383684]
K	[0.74263694 0.44346334 0.96383684]
K	[0.24263694 0.05653666 0.03616316]
K	[0.72703977 0.18923072 0.0561161 ]
K	[0.22703977 0.31076928 0.9438839 ]
K	[0.27296023 0.68923072 0.4438839 ]
K	[0.77296023 0.81076928 0.5561161 ]
K	[0.27296023 0.81076928 0.9438839 ]
K	[0.77296023 0.68923072 0.0561161 ]
K	[0.72703977 0.31076928 0.5561161 ]
K	[0.22703977 0.18923072 0.4438839 ]
K	[0.54654428 0.11323226 0.29687838]
K	[0.04654428 0.38676774 0.70312162]
K	[0.45345572 0.61323226 0.20312162]
K	[0.95345572 0.88676774 0.79687838]
K	[0.45345572 0.88676774 0.70312162]
K	[0.95345572 0.61323226 0.29687838]
K	[0.54654428 0.38676774 0.79687838]
K	[0.04654428 0.11323226 0.20312162]
Sn	[0.89025282 0.43173281 0.14962401]
Sn	[0.39025282 0.06826719 0.85037599]
Sn	[0.10974718 0.93173281 0.35037599]
Sn	[0.60974718 0.56826719 0.64962401]
Sn	[0.10974718 0.56826719 0.85037599]
Sn	[0.60974718 0.93173281 0.14962401]
Sn	[0.89025282 0.06826719 0.64962401]
Sn	[0.39025282 0.43173281 0.35037599]
O	[0.95981539 0.09343949 0.34396151]
O	[0.45981539 0.40656051 0.65603849]
O	[0.04018461 0.59343949 0.15603849]
O	[0.54018461 0.90656051 0.84396151]
O	[0.04018461 0.90656051 0.65603849]
O	[0.54018461 0.59343949 0.34396151]
O	[0.95981539 0.40656051 0.84396151]
O	[0.45981539 0.09343949 0.15603849]
O	[0.62444589 0.48126106 0.09827706]
O	[0.12444589 0.01873894 0.90172294]
O	[0.37555411 0.98126106 0.40172294]
O	[0.87555411 0.51873894 0.59827706]
O	[0.37555411 0.51873894 0.90172294]
O	[0.87555411 0.98126106 0.09827706]
O	[0.62444589 0.01873894 0.59827706]
O	[0.12444589 0.48126106 0.40172294]
O	[0.54305246 0.35145661 0.43338232]
O	[0.04305246 0.14854339 0.56661768]
O	[0.45694754 0.85145661 0.06661768]
O	[0.95694754 0.64854339 0.93338232]
O	[0.45694754 0.64854339 0.56661768]
O	[0.95694754 0.85145661 0.43338232]
O	[0.54305246 0.14854339 0.93338232]
O	[0.04305246 0.35145661 0.06661768]

Filename: mp-1025519.cif  KCu4S3  appeared: 2 times
Space Group: P4/mmm no. 123
Orientation Matrix:
3.88	0.00	0.00
-0.00	3.88	0.00
0.00	0.00	9.50
Atoms Locations:
Rb	[0.  0.  0.5]
Cu	[0.         0.5        0.15738988]
Cu	[0.         0.5        0.84261012]
Cu	[0.5        0.         0.15738988]
Cu	[0.5        0.         0.84261012]
S	[0.5        0.5        0.28569993]
S	[0.5        0.5        0.71430007]
S	[0. 0. 0.]

Filename: mp-10419.cif  Na4CoO3  appeared: 2 times
Space Group: Cc no. 9
Orientation Matrix:
5.65	0.00	2.08
2.42	5.31	2.13
0.00	0.00	8.71
Atoms Locations:
Na	[0.00084038 0.23859234 0.13642395]
Na	[0.79599403 0.24044994 0.52660998]
Na	[0.25711738 0.75343899 0.45655272]
Na	[0.53289091 0.25343899 0.95655272]
Na	[0.03949776 0.72964958 0.86135255]
Na	[0.36949911 0.22964958 0.36135255]
Na	[0.43694605 0.74044994 0.02660998]
Na	[0.62414333 0.73859234 0.63642395]
Re	[0.13706137 0.27157963 0.7488656 ]
Re	[0.84249241 0.77157963 0.2488656 ]
N	[0.37867776 0.39311536 0.68907467]
N	[0.53913021 0.89311536 0.18907467]
N	[0.17022591 0.0457733  0.64490378]
N	[0.13909701 0.5457733  0.14490378]
N	[0.82743557 0.45369886 0.86831976]
N	[0.85054681 0.95369886 0.36831976]

