Filename: mp-556419.cif  OsO3F2  appeared: 2 times
Space Group: P2_1/c no. 14
Orientation Matrix:
4.89	0.00	0.00
-0.00	5.39	0.85
0.00	0.00	12.56
Atoms Locations:
Os	[0.21469086 0.19684583 0.63489664]
Os	[0.71469086 0.80315417 0.86510336]
Os	[0.78530914 0.80315417 0.36510336]
Os	[0.28530914 0.19684583 0.13489664]
O	[0.91515985 0.335842   0.59482682]
O	[0.41515985 0.664158   0.90517318]
O	[0.08484015 0.664158   0.40517318]
O	[0.58484015 0.335842   0.09482682]
O	[0.4000856  0.24734245 0.51542159]
O	[0.9000856  0.75265755 0.98457841]
O	[0.5999144  0.75265755 0.48457841]
O	[0.0999144  0.24734245 0.01542159]
O	[0.35431661 0.39906621 0.71246251]
O	[0.14568339 0.39906621 0.21246251]
O	[0.64568339 0.60093379 0.28753749]
O	[0.85431661 0.60093379 0.78753749]
F	[0.89423749 0.12846327 0.38659286]
F	[0.03293087 0.04465229 0.79042833]
F	[0.46706913 0.04465229 0.29042833]
F	[0.96706913 0.95534771 0.20957167]
F	[0.10576251 0.87153673 0.61340714]
F	[0.60576251 0.12846327 0.88659286]
F	[0.39423749 0.87153673 0.11340714]
F	[0.53293087 0.95534771 0.70957167]

Filename: mp-683918.cif  KC2N3  appeared: 2 times
Space Group: P2_1/c no. 14
Orientation Matrix:
12.31	0.00	0.00
-0.00	3.83	0.63
0.00	0.00	25.58
Atoms Locations:
K	[0.65006262 0.57595841 0.4854483 ]
K	[0.99553529 0.89362308 0.75543605]
K	[0.40993963 0.63264364 0.90037427]
K	[0.59006037 0.36735636 0.09962573]
K	[0.50446471 0.89362308 0.25543605]
K	[0.09006037 0.63264364 0.40037427]
K	[0.84993738 0.57595841 0.9854483 ]
K	[0.15006262 0.42404159 0.0145517 ]
K	[0.34993738 0.42404159 0.5145517 ]
K	[0.49553529 0.10637692 0.74456395]
K	[0.90993963 0.36735636 0.59962573]
K	[0.00446471 0.10637692 0.24456395]
C	[0.49012413 0.07136984 0.40259741]
C	[0.24746227 0.2801629  0.29218282]
C	[0.3243873  0.76542029 0.12027786]
C	[0.50987587 0.92863016 0.59740259]
C	[0.14209163 0.7327366  0.14916329]
C	[0.62770556 0.03285673 0.96720796]
C	[0.37229444 0.96714327 0.03279204]
C	[0.21635342 0.53583394 0.70659939]
C	[0.99012413 0.92863016 0.09740259]
C	[0.78364658 0.46416606 0.29340061]
C	[0.28364658 0.53583394 0.20659939]
C	[0.1756127  0.76542029 0.62027786]
C	[0.87229444 0.03285673 0.46720796]
C	[0.6756127  0.23457971 0.87972214]
C	[0.75253773 0.7198371  0.70781718]
C	[0.85790837 0.2672634  0.85083671]
C	[0.74746227 0.7198371  0.20781718]
C	[0.64209163 0.2672634  0.35083671]
C	[0.8243873  0.23457971 0.37972214]
C	[0.00987587 0.07136984 0.90259741]
C	[0.25253773 0.2801629  0.79218282]
C	[0.71635342 0.46416606 0.79340061]
C	[0.12770556 0.96714327 0.53279204]
C	[0.35790837 0.7327366  0.64916329]
N	[0.47005283 0.78591973 0.64292172]
N	[0.14882545 0.07392533 0.48725502]
N	[0.64882545 0.92607467 0.01274498]
N	[0.52994717 0.21408027 0.35707828]
N	[0.86360636 0.37528267 0.33113032]
N	[0.35117455 0.07392533 0.98725502]
N	[0.85117455 0.92607467 0.51274498]
N	[0.17260645 0.58866278 0.19907496]
N	[0.81468753 0.82940327 0.67294431]
N	[0.18531247 0.17059673 0.32705569]
N	[0.31468753 0.17059673 0.82705569]
N	[0.32151584 0.3844506  0.25556521]
N	[0.32739355 0.58866278 0.69907496]
N	[0.68531247 0.82940327 0.17294431]
N	[0.78535297 0.17714576 0.89216102]
N	[0.59584162 0.14943376 0.91865275]
N	[0.09584162 0.85056624 0.58134725]
N	[0.90415838 0.14943376 0.41865275]
N	[0.40415838 0.85056624 0.08134725]
N	[0.82739355 0.41133722 0.80092504]
N	[0.67260645 0.41133722 0.30092504]
N	[0.67848416 0.6155494  0.74443479]
N	[0.36360636 0.62471733 0.16886968]
N	[0.28535297 0.82285424 0.60783898]
N	[0.4454947  0.94236984 0.44246757]
N	[0.82151584 0.6155494  0.24443479]
N	[0.71464703 0.17714576 0.39216102]
N	[0.63639364 0.37528267 0.83113032]
N	[0.02994717 0.78591973 0.14292172]
N	[0.0545053  0.94236984 0.94246757]
N	[0.17848416 0.3844506  0.75556521]
N	[0.5545053  0.05763016 0.55753243]
N	[0.21464703 0.82285424 0.10783898]
N	[0.97005283 0.21408027 0.85707828]
N	[0.9454947  0.05763016 0.05753243]
N	[0.13639364 0.62471733 0.66886968]

