Filename: mp-1105952.cif  NaFeSO4F  appeared: 4 times
Space Group: C2/c no. 15
Orientation Matrix:
6.21	0.00	-2.71
0.00	8.79	0.00
0.00	0.00	7.35
Atoms Locations:
Na	[0.500004 0.838193 0.750005]
Na	[0.999998 0.338179 0.750009]
Na	[0.499996 0.161797 0.25001 ]
Na	[2.00000e-06 6.61820e-01 2.50008e-01]
Fe	[0.499895 0.500086 0.999783]
Fe	[0.999981 0.999896 0.49991 ]
Fe	[2.40000e-05 9.99997e-01 9.99830e-01]
Fe	[0.500086 0.500088 0.500245]
S	[0.500001 0.180918 0.750008]
S	[0.999992 0.680903 0.750007]
S	[0.500001 0.819069 0.250008]
S	[0.999993 0.319062 0.25001 ]
O	[0.393504 0.278631 0.851432]
O	[0.893506 0.778626 0.851424]
O	[0.606501 0.278636 0.648607]
O	[0.106497 0.778629 0.648582]
O	[0.606495 0.721369 0.148583]
O	[0.106489 0.221363 0.14859 ]
O	[0.393504 0.721361 0.351415]
O	[0.893518 0.221366 0.351436]
O	[0.662216 0.080183 0.899158]
O	[0.162203 0.580192 0.899147]
O	[0.337791 0.080189 0.600863]
O	[0.837803 0.580193 0.60087 ]
O	[0.337786 0.919809 0.100859]
O	[0.837778 0.419814 0.100856]
O	[0.662207 0.919803 0.399156]
O	[0.162223 0.419818 0.399165]
F	[0.499997 0.586382 0.750007]
F	[0.999997 0.086361 0.750001]
F	[0.500004 0.413628 0.250017]
F	[5.00000e-06 9.13638e-01 2.50001e-01]

Filename: mp-23146.cif  RbZnSClO4  appeared: 2 times
Space Group: P2_1/c no. 14
Orientation Matrix:
9.80	0.00	0.00
-0.00	7.33	0.59
0.00	0.00	8.37
Atoms Locations:
Tl	[0.586734 0.37759  0.292334]
Tl	[0.086734 0.62241  0.207666]
Tl	[0.413266 0.62241  0.707666]
Tl	[0.913266 0.37759  0.792334]
Zn	[0.803088 0.905141 0.543338]
Zn	[0.196912 0.094859 0.456662]
Zn	[0.696912 0.905141 0.043338]
Zn	[0.303088 0.094859 0.956662]
S	[0.567761 0.106209 0.731888]
S	[0.432239 0.893791 0.268112]
S	[0.067761 0.893791 0.768112]
S	[0.932239 0.106209 0.231888]
Cl	[0.68041  0.625878 0.963154]
Cl	[0.81959  0.625878 0.463154]
Cl	[0.31959  0.374122 0.036846]
Cl	[0.18041  0.374122 0.536846]
O	[0.076062 0.047389 0.271018]
O	[0.576062 0.952611 0.228982]
O	[0.923938 0.952611 0.728982]
O	[0.423938 0.047389 0.771018]
O	[0.926571 0.286711 0.144857]
O	[0.426571 0.713289 0.355143]
O	[0.073429 0.713289 0.855143]
O	[0.573429 0.286711 0.644857]
O	[0.877319 0.960065 0.134289]
O	[0.648725 0.111833 0.884964]
O	[0.122681 0.039935 0.865711]
O	[0.622681 0.960065 0.634289]
O	[0.851275 0.111833 0.384964]
O	[0.351275 0.888167 0.115036]
O	[0.148725 0.888167 0.615036]
O	[0.377319 0.039935 0.365711]

