Filename: mp-17375.cif  K2Na3TlO4  appeared: 8 times
Space Group: Pnnm no. 58
Orientation Matrix:
7.67	0.00	0.00
-0.00	9.22	0.00
0.00	0.00	9.53
Atoms Locations:
K	[0.2464352 0.5       0.       ]
K	[0.2535648 0.        0.5      ]
K	[0.7535648 0.5       0.       ]
K	[0.7464352 0.        0.5      ]
K	[0.5       0.2636156 0.7498362]
K	[0.5       0.7363844 0.2501638]
K	[0.        0.7636156 0.7501638]
K	[0.        0.2363844 0.2498362]
Na	[0.24937502 0.51683432 0.65089289]
Na	[0.24937502 0.48316568 0.34910711]
Na	[0.25062498 0.01683432 0.84910711]
Na	[0.25062498 0.98316568 0.15089289]
Na	[0.         0.2398933  0.91561125]
Na	[0.         0.7601067  0.08438875]
Na	[0.5        0.7398933  0.58438875]
Na	[0.5        0.2601067  0.41561125]
Na	[0.74937502 0.98316568 0.15089289]
Na	[0.75062498 0.48316568 0.34910711]
Na	[0.75062498 0.51683432 0.65089289]
Na	[0.74937502 0.01683432 0.84910711]
Tl	[0.         0.72735051 0.37937751]
Tl	[0.         0.27264949 0.62062249]
Tl	[0.5        0.22735051 0.12062249]
Tl	[0.5        0.77264949 0.87937751]
O	[0.5        0.04737387 0.27813757]
O	[0.5        0.95262613 0.72186243]
O	[0.         0.54737387 0.22186243]
O	[0.         0.45262613 0.77813757]
O	[0.25407335 0.80194552 0.98452761]
O	[0.25407335 0.19805448 0.01547239]
O	[0.24592665 0.30194552 0.51547239]
O	[0.24592665 0.69805448 0.48452761]
O	[0.74592665 0.19805448 0.01547239]
O	[0.74592665 0.80194552 0.98452761]
O	[0.75407335 0.69805448 0.48452761]
O	[0.75407335 0.30194552 0.51547239]
O	[0.5        0.43962408 0.22388016]
O	[0.         0.06037592 0.72388016]
O	[0.5        0.56037592 0.77611984]
O	[0.         0.93962408 0.27611984]

Filename: mp-16955.cif  K2Li3FeO4  appeared: 4 times
Space Group: P2_1/c no. 14
Orientation Matrix:
8.90	0.00	0.00
-0.00	5.27	2.02
0.00	0.00	11.15
Atoms Locations:
K	[0.993119 0.293548 0.861563]
K	[0.493119 0.706452 0.638437]
K	[0.006881 0.706452 0.138437]
K	[0.506881 0.293548 0.361563]
K	[0.771957 0.279631 0.110056]
K	[0.271957 0.720369 0.389944]
K	[0.228043 0.720369 0.889944]
K	[0.728043 0.279631 0.610056]
Li	[0.008182 0.6267   0.570988]
Li	[0.508182 0.3733   0.929012]
Li	[0.991818 0.3733   0.429012]
Li	[0.491818 0.6267   0.070988]
Li	[0.465931 0.096394 0.797062]
Li	[0.965931 0.903606 0.702938]
Li	[0.534069 0.903606 0.202938]
Li	[0.034069 0.096394 0.297062]
Li	[0.238963 0.382172 0.700643]
Li	[0.738963 0.617828 0.799357]
Li	[0.761037 0.617828 0.299357]
Li	[0.261037 0.382172 0.200643]
Fe	[0.288151 0.101685 0.063148]
Fe	[0.788151 0.898315 0.436852]
Fe	[0.711849 0.898315 0.936852]
Fe	[0.211849 0.101685 0.563148]
O	[0.322785 0.745393 0.143776]
O	[0.822785 0.254607 0.356224]
O	[0.677215 0.254607 0.856224]
O	[0.177215 0.745393 0.643776]
O	[0.190165 0.234823 0.380194]
O	[0.690165 0.765177 0.119806]
O	[0.809835 0.765177 0.619806]
O	[0.309835 0.234823 0.880194]
O	[0.106871 0.218002 0.116087]
O	[0.606871 0.781998 0.383913]
O	[0.893129 0.781998 0.883913]
O	[0.393129 0.218002 0.616087]
O	[0.049615 0.258144 0.622694]
O	[0.549615 0.741856 0.877306]
O	[0.950385 0.741856 0.377306]
O	[0.450385 0.258144 0.122694]

