Filename: mp-15865.cif  KCrPO4F  appeared: 3 times
Space Group: Pna2_1 no. 33
Orientation Matrix:
6.90	0.00	0.00
-0.00	11.42	0.00
0.00	0.00	13.91
Atoms Locations:
K	[0.202402 0.691723 0.395841]
K	[0.797598 0.191723 0.604159]
K	[0.297598 0.691723 0.895841]
K	[0.702402 0.191723 0.104159]
K	[0.776283 0.947223 0.380822]
K	[0.223717 0.447223 0.619178]
K	[0.723717 0.947223 0.880822]
K	[0.276283 0.447223 0.119178]
Cr	[0.998985 0.74818  0.115128]
Cr	[0.001015 0.24818  0.884872]
Cr	[0.501015 0.74818  0.615128]
Cr	[0.498985 0.24818  0.384872]
Cr	[0.752147 0.500096 0.253198]
Cr	[2.47853e-01 9.60000e-05 7.46802e-01]
Cr	[0.747853 0.500096 0.753198]
Cr	[2.52147e-01 9.60000e-05 2.46802e-01]
P	[0.67036  0.497627 0.5009  ]
P	[0.32964  0.997627 0.4991  ]
P	[0.82964  0.497627 0.0009  ]
P	[0.17036  0.997627 0.9991  ]
P	[0.502483 0.748104 0.18165 ]
P	[0.497517 0.248104 0.81835 ]
P	[0.997517 0.748104 0.68165 ]
P	[0.002483 0.248104 0.31835 ]
O	[0.032601 0.878627 0.010243]
O	[0.308344 0.274454 0.888488]
O	[0.808344 0.774454 0.611512]
O	[0.191656 0.274454 0.388488]
O	[0.310878 0.71899  0.112222]
O	[0.689122 0.21899  0.887778]
O	[0.189122 0.71899  0.612222]
O	[0.810878 0.21899  0.387778]
O	[0.515003 0.607794 0.515723]
O	[0.484997 0.107794 0.484277]
O	[0.984997 0.607794 0.015723]
O	[0.015003 0.107794 0.984277]
O	[0.532601 0.378627 0.489757]
O	[0.467399 0.878627 0.510243]
O	[0.967399 0.378627 0.989757]
O	[0.691656 0.774454 0.111512]
O	[0.810733 0.519033 0.405731]
O	[0.189267 0.019033 0.594269]
O	[0.689267 0.519033 0.905731]
O	[0.456454 0.860591 0.25441 ]
O	[0.807663 0.480424 0.598644]
O	[0.192337 0.980424 0.401356]
O	[0.692337 0.480424 0.098644]
O	[0.307663 0.980424 0.901356]
O	[0.040139 0.134986 0.244803]
O	[0.959861 0.634986 0.755197]
O	[0.459861 0.134986 0.744803]
O	[0.540139 0.634986 0.255197]
O	[0.956454 0.360591 0.24559 ]
O	[0.043546 0.860591 0.75441 ]
O	[0.543546 0.360591 0.74559 ]
O	[0.310733 0.019033 0.094269]
F	[0.027798 0.874485 0.227741]
F	[0.972202 0.374485 0.772259]
F	[0.472202 0.874485 0.727741]
F	[0.527798 0.374485 0.272259]
F	[0.479449 0.121163 0.271134]
F	[0.520551 0.621163 0.728866]
F	[0.020551 0.121163 0.771134]
F	[0.979449 0.621163 0.228866]

Filename: mp-7035.cif  NaAlAsO4F  appeared: 2 times
Space Group: C2/c no. 15
Orientation Matrix:
5.50	0.00	1.36
-1.96	5.14	1.36
0.00	0.00	7.21
Atoms Locations:
Na	[0.328578 0.671422 0.75    ]
Na	[0.671422 0.328578 0.25    ]
Al	[0. 0. 0.]
Al	[0.  0.  0.5]
As	[0.313516 0.686484 0.25    ]
As	[0.686484 0.313516 0.75    ]
O	[0.303641 0.899314 0.390071]
O	[0.100686 0.696359 0.109929]
O	[0.696359 0.100686 0.609929]
O	[0.899314 0.303641 0.890071]
O	[0.763165 0.637339 0.585791]
O	[0.236835 0.362661 0.414209]
O	[0.362661 0.236835 0.914209]
O	[0.637339 0.763165 0.085791]
F	[0.065162 0.934838 0.75    ]
F	[0.934838 0.065162 0.25    ]

