Filename: mp-7118.cif  Na4SiO4  appeared: 10 times
Space Group: P-1 no. 2
Orientation Matrix:
6.67	0.00	1.28
2.34	6.02	2.16
0.00	0.00	10.16
Atoms Locations:
Na	[0.98119739 0.23216248 0.06301179]
Na	[0.45347312 0.73581958 0.10836347]
Na	[0.90097868 0.76517899 0.3298308 ]
Na	[0.26430946 0.74265973 0.51754546]
Na	[0.73569054 0.25734027 0.48245454]
Na	[0.54652688 0.26418042 0.89163653]
Na	[0.01880261 0.76783752 0.93698821]
Na	[0.09902132 0.23482101 0.6701692 ]
Si	[0.34269719 0.22434434 0.25226682]
Si	[0.65730281 0.77565566 0.74773318]
O	[0.34983247 0.95899561 0.85285116]
O	[0.79147408 0.53489143 0.87400129]
O	[0.20852592 0.46510857 0.12599871]
O	[0.84805498 0.9583823  0.69402939]
O	[0.15194502 0.0416177  0.30597061]
O	[0.65234092 0.6476385  0.58629001]
O	[0.65016753 0.04100439 0.14714884]
O	[0.34765908 0.3523615  0.41370999]

Filename: mp-28964.cif  Nb4SiTe4  appeared: 7 times
Space Group: Pbam no. 55
Orientation Matrix:
4.86	0.00	0.00
-0.00	10.95	0.00
0.00	0.00	19.26
Atoms Locations:
Nb	[0.5        0.56354525 0.38332678]
Nb	[0.5        0.43645475 0.61667322]
Nb	[0.5        0.06354525 0.11667322]
Nb	[0.5        0.93645475 0.88332678]
Nb	[0.5        0.70308307 0.53594152]
Nb	[0.5        0.29691693 0.46405848]
Nb	[0.5        0.20308307 0.96405848]
Nb	[0.5        0.79691693 0.03594152]
Nb	[0.         0.68815548 0.44267281]
Nb	[0.         0.31184452 0.55732719]
Nb	[0.         0.18815548 0.05732719]
Nb	[0.         0.81184452 0.94267281]
Nb	[0.         0.40134041 0.39188887]
Nb	[0.         0.59865959 0.60811113]
Nb	[0.         0.90134041 0.10811113]
Nb	[0.         0.09865959 0.89188887]
Si	[0.249985 0.5      0.5     ]
Si	[0.750015 0.       0.      ]
Si	[0.750015 0.5      0.5     ]
Si	[0.249985 0.       0.      ]
Te	[0.         0.84550327 0.56187047]
Te	[0.         0.15449673 0.43812953]
Te	[0.         0.34550327 0.93812953]
Te	[0.         0.65449673 0.06187047]
Te	[0.5        0.33236853 0.31613911]
Te	[0.5        0.66763147 0.68386089]
Te	[0.5        0.83236853 0.18386089]
Te	[0.5        0.16763147 0.81613911]
Te	[0.5        0.821312   0.40252922]
Te	[0.5        0.178688   0.59747078]
Te	[0.5        0.321312   0.09747078]
Te	[0.5        0.678688   0.90252922]
Te	[0.         0.6064607  0.30056039]
Te	[0.         0.3935393  0.69943961]
Te	[0.         0.1064607  0.19943961]
Te	[0.         0.8935393  0.80056039]

Filename: mp-574224.cif  K4GeS4  appeared: 5 times
Space Group: P-43n no. 218
Orientation Matrix:
15.28	0.00	0.00
-0.00	15.28	0.00
0.00	0.00	15.28
Atoms Locations:
K	[0.36570697 0.15072161 0.41365527]
K	[0.15072161 0.58634473 0.63429303]
K	[0.91365527 0.34927839 0.13429303]
K	[0.65184767 0.65184767 0.65184767]
K	[0.15184767 0.84815233 0.84815233]
K	[0.63429303 0.84927839 0.41365527]
K	[0.86570697 0.08634473 0.34927839]
K	[0.41365527 0.36570697 0.15072161]
K	[0.84927839 0.58634473 0.36570697]
K	[0.65072161 0.13429303 0.08634473]
K	[0.84815233 0.15184767 0.84815233]
K	[0.84927839 0.41365527 0.63429303]
K	[0.65184767 0.34815233 0.34815233]
K	[0.65072161 0.86570697 0.91365527]
K	[0.13429303 0.08634473 0.65072161]
K	[0.15072161 0.41365527 0.36570697]
K	[0.15184767 0.15184767 0.15184767]
K	[0.34815233 0.34815233 0.65184767]
K	[0.63429303 0.15072161 0.58634473]
K	[0.34927839 0.86570697 0.08634473]
K	[0.34927839 0.13429303 0.91365527]
K	[0.08634473 0.34927839 0.86570697]
K	[0.41365527 0.63429303 0.84927839]
K	[0.36570697 0.84927839 0.58634473]
K	[0.13429303 0.91365527 0.34927839]
K	[0.86570697 0.91365527 0.65072161]
K	[0.34815233 0.65184767 0.34815233]
K	[0.91365527 0.65072161 0.86570697]
K	[0.58634473 0.36570697 0.84927839]
K	[0.08634473 0.65072161 0.13429303]
K	[0.58634473 0.63429303 0.15072161]
K	[0.84815233 0.84815233 0.15184767]
Ge	[0.   0.75 0.5 ]
Ge	[0.5  0.   0.25]
Ge	[0.5  0.   0.75]
Ge	[0.25 0.5  0.  ]
Ge	[0.   0.25 0.5 ]
Ge	[0.75 0.5  0.  ]
Ge	[0. 0. 0.]
Ge	[0.5 0.5 0.5]
S	[0.84498229 0.59581017 0.11015839]
S	[0.89970436 0.10029564 0.10029564]
S	[0.38984161 0.09581017 0.65501771]
S	[0.65501771 0.38984161 0.09581017]
S	[0.89970436 0.89970436 0.89970436]
S	[0.60029564 0.39970436 0.60029564]
S	[0.34498229 0.61015839 0.09581017]
S	[0.11015839 0.15501771 0.40418983]
S	[0.09581017 0.65501771 0.38984161]
S	[0.34498229 0.38984161 0.90418983]
S	[0.88984161 0.84498229 0.40418983]
S	[0.11015839 0.84498229 0.59581017]
S	[0.59581017 0.88984161 0.15501771]
S	[0.61015839 0.90418983 0.65501771]
S	[0.15501771 0.40418983 0.11015839]
S	[0.90418983 0.34498229 0.38984161]
S	[0.61015839 0.09581017 0.34498229]
S	[0.40418983 0.11015839 0.15501771]
S	[0.39970436 0.39970436 0.39970436]
S	[0.59581017 0.11015839 0.84498229]
S	[0.88984161 0.15501771 0.59581017]
S	[0.39970436 0.60029564 0.60029564]
S	[0.65501771 0.61015839 0.90418983]
S	[0.10029564 0.89970436 0.10029564]
S	[0.90418983 0.65501771 0.61015839]
S	[0.10029564 0.10029564 0.89970436]
S	[0.84498229 0.40418983 0.88984161]
S	[0.38984161 0.90418983 0.34498229]
S	[0.09581017 0.34498229 0.61015839]
S	[0.40418983 0.88984161 0.84498229]
S	[0.15501771 0.59581017 0.88984161]
S	[0.60029564 0.60029564 0.39970436]

Filename: mp-1198311.cif  Zr(TlS)4  appeared: 4 times
Space Group: P-1 no. 2
Orientation Matrix:
9.24	0.00	-2.42
-0.64	9.23	-2.35
0.00	0.00	16.42
Atoms Locations:
Zr	[0.98395935 0.31829159 0.40059062]
Zr	[0.01604065 0.68170841 0.59940938]
Zr	[0.82541738 0.69081483 0.80060477]
Zr	[0.17458262 0.30918517 0.19939523]
Zr	[0.  0.5 0. ]
Tl	[0.9556937  0.92098782 0.20000885]
Tl	[0.0443063  0.07901218 0.79999115]
Tl	[0.78492913 0.28083212 0.5987871 ]
Tl	[0.21507087 0.71916788 0.4012129 ]
Tl	[0.78339003 0.91347071 0.40314463]
Tl	[0.21660997 0.08652929 0.59685537]
Tl	[0.77715971 0.54634792 0.20344164]
Tl	[0.22284029 0.45365208 0.79655836]
Tl	[0.62378489 0.90213535 0.61045363]
Tl	[0.37621511 0.09786465 0.38954637]
Tl	[0.61328198 0.29912058 0.80854649]
Tl	[0.38671802 0.70087942 0.19145351]
Tl	[0.58749262 0.53288027 0.40072272]
Tl	[0.41250738 0.46711973 0.59927728]
Tl	[0.41797619 0.8947282  0.79826299]
Tl	[0.58202381 0.1052718  0.20173701]
Tl	[0.39172658 0.28439666 0.00139774]
Tl	[0.60827342 0.71560334 0.99860226]
Tl	[0.22237893 0.89681085 0.99252068]
Tl	[0.77762107 0.10318915 0.00747932]
S	[0.93744742 0.9462282  0.59610485]
S	[0.06255258 0.0537718  0.40389515]
S	[0.93170437 0.60453377 0.42219469]
S	[0.06829563 0.39546623 0.57780531]
S	[0.92698995 0.76542961 0.97863372]
S	[0.07301005 0.23457039 0.02136628]
S	[0.91243914 0.41992518 0.82240949]
S	[0.08756086 0.58007482 0.17759051]
S	[0.76059091 0.9593684  0.80544669]
S	[0.23940909 0.0406316  0.19455331]
S	[0.74930264 0.613488   0.62303671]
S	[0.25069736 0.386512   0.37696329]
S	[0.55960616 0.61822843 0.80251806]
S	[0.44039384 0.38177157 0.19748194]
S	[0.28488226 0.75222826 0.60410591]
S	[0.71511774 0.24777174 0.39589409]
S	[0.2709054  0.57120805 0.99701375]
S	[0.7290946  0.42879195 0.00298625]
S	[0.09368008 0.73654765 0.77624144]
S	[0.90631992 0.26345235 0.22375856]

Filename: mp-542099.cif  K4SiO4  appeared: 4 times
Space Group: P2_1/c no. 14
Orientation Matrix:
7.42	0.00	0.00
-0.00	11.01	4.26
0.00	0.00	11.90
Atoms Locations:
K	[0.66614344 0.88844671 0.63274171]
K	[0.33385656 0.11155329 0.36725829]
K	[0.83385656 0.38844671 0.63274171]
K	[0.59277404 0.3008916  0.06344799]
K	[0.09277404 0.1991084  0.93655201]
K	[0.40722596 0.6991084  0.93655201]
K	[0.90722596 0.8008916  0.06344799]
K	[0.60966871 0.08302129 0.84048669]
K	[0.10966871 0.41697871 0.15951331]
K	[0.39033129 0.91697871 0.15951331]
K	[0.89033129 0.58302129 0.84048669]
K	[0.68718093 0.7014513  0.42898969]
K	[0.18718093 0.7985487  0.57101031]
K	[0.31281907 0.2985487  0.57101031]
K	[0.81281907 0.2014513  0.42898969]
K	[0.16614344 0.61155329 0.36725829]
Si	[0.3679442  0.49045889 0.75879041]
Si	[0.8679442  0.00954111 0.24120959]
Si	[0.1320558  0.99045889 0.75879041]
Si	[0.6320558  0.50954111 0.24120959]
O	[0.2353468  0.96924324 0.911529  ]
O	[0.99871507 0.15368064 0.22169355]
O	[0.49871507 0.34631936 0.77830645]
O	[0.00128493 0.84631936 0.77830645]
O	[0.7353468  0.53075676 0.088471  ]
O	[0.7646532  0.03075676 0.088471  ]
O	[0.2646532  0.46924324 0.911529  ]
O	[0.32302397 0.01532538 0.64321934]
O	[0.82302397 0.48467462 0.35678066]
O	[0.67697603 0.98467462 0.35678066]
O	[0.17697603 0.51532538 0.64321934]
O	[0.02265139 0.86979982 0.29970988]
O	[0.52265139 0.63020018 0.70029012]
O	[0.97734861 0.13020018 0.70029012]
O	[0.47734861 0.36979982 0.29970988]
O	[0.50128493 0.65368064 0.22169355]

Filename: mp-22170.cif  Li4TiO4  appeared: 3 times
Space Group: Cmcm no. 63
Orientation Matrix:
5.47	0.00	0.00
-0.81	5.41	0.00
0.00	0.00	6.54
Atoms Locations:
Li	[0.15873388 0.84126612 0.        ]
Li	[0.84126612 0.15873388 0.5       ]
Li	[0.84126612 0.15873388 0.        ]
Li	[0.15873388 0.84126612 0.5       ]
Li	[0.58522393 0.87822824 0.25      ]
Li	[0.41477607 0.12177176 0.75      ]
Li	[0.87822824 0.58522393 0.25      ]
Li	[0.12177176 0.41477607 0.75      ]
Ti	[0.34143028 0.34143028 0.25      ]
Ti	[0.65856972 0.65856972 0.75      ]
O	[0.27071655 0.66892913 0.25      ]
O	[0.72928345 0.33107087 0.75      ]
O	[0.20278088 0.20278088 0.00041859]
O	[0.79721912 0.79721912 0.50041859]
O	[0.20278088 0.20278088 0.49958141]
O	[0.79721912 0.79721912 0.99958141]
O	[0.66892913 0.27071655 0.25      ]
O	[0.33107087 0.72928345 0.75      ]

Filename: mp-540940.cif  Ti(TlS)4  appeared: 3 times
Space Group: P2_1/c no. 14
Orientation Matrix:
8.53	0.00	0.00
-0.00	8.36	2.11
0.00	0.00	16.06
Atoms Locations:
Ti	[0.8883926  0.20856217 0.62209476]
Ti	[0.3883926  0.79143783 0.87790524]
Ti	[0.1116074  0.79143783 0.37790524]
Ti	[0.6116074  0.20856217 0.12209476]
Tl	[0.71706778 0.61199612 0.35802447]
Tl	[0.21706778 0.38800388 0.14197553]
Tl	[0.28293222 0.38800388 0.64197553]
Tl	[0.78293222 0.61199612 0.85802447]
Tl	[0.89662192 0.18246291 0.37600323]
Tl	[0.39662192 0.81753709 0.12399677]
Tl	[0.10337808 0.81753709 0.62399677]
Tl	[0.60337808 0.18246291 0.87600323]
Tl	[0.32119924 0.40840597 0.39106717]
Tl	[0.82119924 0.59159403 0.10893283]
Tl	[0.67880076 0.59159403 0.60893283]
Tl	[0.17880076 0.40840597 0.89106717]
Tl	[0.49492169 0.02928569 0.36904642]
Tl	[0.99492169 0.97071431 0.13095358]
Tl	[0.50507831 0.97071431 0.63095358]
Tl	[0.00507831 0.02928569 0.86904642]
S	[0.10865525 0.18338601 0.53908159]
S	[0.60865525 0.81661399 0.96091841]
S	[0.89134475 0.81661399 0.46091841]
S	[0.39134475 0.18338601 0.03908159]
S	[0.67058857 0.29848831 0.53713548]
S	[0.17058857 0.70151169 0.96286452]
S	[0.32941143 0.70151169 0.46286452]
S	[0.82941143 0.29848831 0.03713548]
S	[0.94489408 0.38586955 0.70451191]
S	[0.44489408 0.61413045 0.79548809]
S	[0.05510592 0.61413045 0.29548809]
S	[0.55510592 0.38586955 0.20451191]
S	[0.83065077 0.95473888 0.7119889 ]
S	[0.33065077 0.04526112 0.7880111 ]
S	[0.16934923 0.04526112 0.2880111 ]
S	[0.66934923 0.95473888 0.2119889 ]

Filename: mp-29808.cif  Ca4SiN4  appeared: 2 times
Space Group: P2_1/c no. 14
Orientation Matrix:
6.04	0.00	0.00
-0.00	8.30	4.11
0.00	0.00	11.13
Atoms Locations:
Ca	[0.92209092 0.35091494 0.65427262]
Ca	[0.42209092 0.64908506 0.84572738]
Ca	[0.07790908 0.64908506 0.34572738]
Ca	[0.57790908 0.35091494 0.15427262]
Ca	[0.91911638 0.45403522 0.87872604]
Ca	[0.41911638 0.54596478 0.62127396]
Ca	[0.08088362 0.54596478 0.12127396]
Ca	[0.58088362 0.45403522 0.37872604]
Ca	[0.84902371 0.85491982 0.76861656]
Ca	[0.34902371 0.14508018 0.73138344]
Ca	[0.15097629 0.14508018 0.23138344]
Ca	[0.65097629 0.85491982 0.26861656]
Ca	[0.2561395  0.91934323 0.54351317]
Ca	[0.7561395  0.08065677 0.95648683]
Ca	[0.7438605  0.08065677 0.45648683]
Ca	[0.2438605  0.91934323 0.04351317]
Si	[0.85348712 0.7329934  0.54830917]
Si	[0.35348712 0.2670066  0.95169083]
Si	[0.14651288 0.2670066  0.45169083]
Si	[0.64651288 0.7329934  0.04830917]
N	[0.74588372 0.5945766  0.98849872]
N	[0.24588372 0.4054234  0.51150128]
N	[0.25411628 0.4054234  0.01150128]
N	[0.75411628 0.5945766  0.48849872]
N	[0.06804287 0.66244542 0.6740281 ]
N	[0.56804287 0.33755458 0.8259719 ]
N	[0.93195713 0.33755458 0.3259719 ]
N	[0.43195713 0.66244542 0.1740281 ]
N	[0.62126001 0.79980736 0.61154418]
N	[0.12126001 0.20019264 0.88845582]
N	[0.37873999 0.20019264 0.38845582]
N	[0.87873999 0.79980736 0.11154418]
N	[0.53113294 0.89829772 0.89549636]
N	[0.03113294 0.10170228 0.60450364]
N	[0.46886706 0.10170228 0.10450364]
N	[0.96886706 0.89829772 0.39549636]

Filename: mp-28744.cif  Sc4OsCl4  appeared: 2 times
Space Group: C2/c no. 15
Orientation Matrix:
6.60	0.00	0.07
0.10	8.87	0.11
0.00	0.00	8.88
Atoms Locations:
Sc	[0.1043255  0.74060841 0.98400161]
Sc	[0.25939159 0.8956745  0.51599839]
Sc	[0.8956745  0.25939159 0.01599839]
Sc	[0.74060841 0.1043255  0.48400161]
Sc	[0.74249953 0.89689839 0.01292332]
Sc	[0.10310161 0.25750047 0.48707668]
Sc	[0.25750047 0.10310161 0.98707668]
Sc	[0.89689839 0.74249953 0.51292332]
Os	[0.00974359 0.99025641 0.25      ]
Os	[0.99025641 0.00974359 0.75      ]
Cl	[0.42305128 0.81834658 0.89799499]
Cl	[0.18165342 0.57694872 0.60200501]
Cl	[0.57694872 0.18165342 0.10200501]
Cl	[0.81834658 0.42305128 0.39799499]
Cl	[0.80712009 0.58069739 0.89687436]
Cl	[0.41930261 0.19287991 0.60312564]
Cl	[0.19287991 0.41930261 0.10312564]
Cl	[0.58069739 0.80712009 0.39687436]

Filename: mp-1196396.cif  Tl4SiSe4  appeared: 2 times
Space Group: C2/c no. 15
Orientation Matrix:
7.02	0.00	1.09
2.98	6.36	1.09
0.00	0.00	25.42
Atoms Locations:
Tl	[0.17118074 0.82881926 0.25      ]
Tl	[0.82881926 0.17118074 0.75      ]
Tl	[0.  0.  0.5]
Tl	[0. 0. 0.]
Tl	[0.05729717 0.3314688  0.33576058]
Tl	[0.6685312  0.94270283 0.16423942]
Tl	[0.94270283 0.6685312  0.66423942]
Tl	[0.3314688  0.05729717 0.83576058]
Tl	[0.89692576 0.32606758 0.17641327]
Tl	[0.67393242 0.10307424 0.32358673]
Tl	[0.10307424 0.67393242 0.82358673]
Tl	[0.32606758 0.89692576 0.67641327]
Tl	[0.27412304 0.34880573 0.50013243]
Tl	[0.65119427 0.72587696 0.99986757]
Tl	[0.72587696 0.65119427 0.49986757]
Tl	[3.4880573e-01 2.7412304e-01 1.3243000e-04]
Si	[0.44124773 0.68642144 0.37661429]
Si	[0.68642144 0.44124773 0.87661429]
Si	[0.55875227 0.31357856 0.62338571]
Si	[0.31357856 0.55875227 0.12338571]
Se	[0.60110585 0.69456189 0.29125107]
Se	[0.70511417 0.10587082 0.88188711]
Se	[0.10587082 0.70511417 0.38188711]
Se	[0.29488583 0.89412918 0.11811289]
Se	[0.33900591 0.62544494 0.57734476]
Se	[0.89412918 0.29488583 0.61811289]
Se	[0.66099409 0.37455506 0.42265524]
Se	[0.62544494 0.33900591 0.07734476]
Se	[0.96918616 0.41769862 0.91708081]
Se	[0.58230138 0.03081384 0.58291919]
Se	[0.03081384 0.58230138 0.08291919]
Se	[0.41769862 0.96918616 0.41708081]
Se	[0.30543811 0.39889415 0.20874893]
Se	[0.39889415 0.30543811 0.70874893]
Se	[0.69456189 0.60110585 0.79125107]
Se	[0.37455506 0.66099409 0.92265524]

Filename: mp-15123.cif  Th(AlC)4  appeared: 2 times
Space Group: I4/m no. 87
Orientation Matrix:
3.20	0.00	0.92
1.60	5.81	0.46
0.00	0.00	6.04
Atoms Locations:
Th	[0. 0. 0.]
Al	[0.17983482 0.1784651  0.46186427]
Al	[0.82016518 0.8215349  0.53813573]
Al	[0.64169909 0.53813573 0.1784651 ]
Al	[0.35830091 0.46186427 0.8215349 ]
C	[0.58932379 0.16328464 0.65806678]
C	[0.41067621 0.83671536 0.34193322]
C	[0.24739057 0.34193322 0.16328464]
C	[0.75260943 0.65806678 0.83671536]

Filename: mp-17207.cif  Tl4SiS4  appeared: 2 times
Space Group: Cc no. 9
Orientation Matrix:
8.22	0.00	2.50
0.27	8.21	2.50
0.00	0.00	7.69
Atoms Locations:
Tl	[0.08387255 0.78449691 0.79532448]
Tl	[0.58387255 0.79532448 0.78449691]
Tl	[0.04392119 0.97724541 0.4119986 ]
Tl	[0.54392119 0.4119986  0.97724541]
Tl	[0.07326867 0.25431259 0.99639095]
Tl	[0.57326867 0.99639095 0.25431259]
Tl	[0.99315746 0.37065794 0.59475226]
Tl	[0.49315746 0.59475226 0.37065794]
Si	[0.02878999 0.61678626 0.20207402]
Si	[0.52878999 0.20207402 0.61678626]
S	[0.70836167 0.08862898 0.76862202]
S	[0.69966914 0.24476249 0.37627689]
S	[0.19966914 0.37627689 0.24476249]
S	[0.84469796 0.71890831 0.42923907]
S	[0.35546138 0.05267442 0.60524841]
S	[0.85546138 0.60524841 0.05267442]
S	[0.34469796 0.42923907 0.71890831]
S	[0.20836167 0.76862202 0.08862898]

Filename: mp-18132.cif  Na4SiSe4  appeared: 2 times
Space Group: Pnma no. 62
Orientation Matrix:
8.36	0.00	0.00
-0.00	10.30	0.00
0.00	0.00	14.77
Atoms Locations:
Na	[0. 0. 0.]
Na	[0.5 0.  0.5]
Na	[0.  0.5 0. ]
Na	[0.5 0.5 0.5]
Na	[0.99431927 0.75       0.45428798]
Na	[0.49431927 0.25       0.04571202]
Na	[0.00568073 0.25       0.54571202]
Na	[0.50568073 0.75       0.95428798]
Na	[0.86262401 0.05087217 0.26642554]
Na	[0.36262401 0.94912783 0.23357446]
Na	[0.13737599 0.55087217 0.73357446]
Na	[0.63737599 0.44912783 0.76642554]
Na	[0.13737599 0.94912783 0.73357446]
Na	[0.63737599 0.05087217 0.76642554]
Na	[0.86262401 0.44912783 0.26642554]
Na	[0.36262401 0.55087217 0.23357446]
Si	[0.77806929 0.75       0.16532927]
Si	[0.27806929 0.25       0.33467073]
Si	[0.22193071 0.25       0.83467073]
Si	[0.72193071 0.75       0.66532927]
Se	[0.65670416 0.54665368 0.09587594]
Se	[0.15670416 0.45334632 0.40412406]
Se	[0.34329584 0.04665368 0.90412406]
Se	[0.84329584 0.95334632 0.59587594]
Se	[0.34329584 0.45334632 0.90412406]
Se	[0.84329584 0.54665368 0.59587594]
Se	[0.65670416 0.95334632 0.09587594]
Se	[0.15670416 0.04665368 0.40412406]
Se	[0.6817651  0.75       0.31807774]
Se	[0.1817651  0.25       0.18192226]
Se	[0.3182349  0.25       0.68192226]
Se	[0.8182349  0.75       0.81807774]
Se	[0.09284568 0.75       0.14123643]
Se	[0.59284568 0.25       0.35876357]
Se	[0.90715432 0.25       0.85876357]
Se	[0.40715432 0.75       0.64123643]

Filename: mp-28768.cif  Na4SnS4  appeared: 2 times
Space Group: P-42_1c no. 114
Orientation Matrix:
7.28	0.00	0.00
-0.00	8.16	0.00
0.00	0.00	8.16
Atoms Locations:
Na	[0.03067456 0.19778108 0.59386456]
Na	[0.96932544 0.59386456 0.80221892]
Na	[0.96932544 0.40613544 0.19778108]
Na	[0.03067456 0.80221892 0.40613544]
Na	[0.46932544 0.69778108 0.90613544]
Na	[0.46932544 0.30221892 0.09386456]
Na	[0.53067456 0.90613544 0.30221892]
Na	[0.53067456 0.09386456 0.69778108]
Sn	[0. 0. 0.]
Sn	[0.5 0.5 0.5]
S	[0.68965609 0.25996218 0.40706203]
S	[0.68965609 0.74003782 0.59293797]
S	[0.18965609 0.09293797 0.24003782]
S	[0.81034391 0.24003782 0.90706203]
S	[0.81034391 0.75996218 0.09293797]
S	[0.18965609 0.90706203 0.75996218]
S	[0.31034391 0.59293797 0.25996218]
S	[0.31034391 0.40706203 0.74003782]

Filename: mp-646878.cif  In4SnS4  appeared: 2 times
Space Group: Pa-3 no. 205
Orientation Matrix:
12.53	0.00	0.00
-0.00	12.53	0.00
0.00	0.00	12.53
Atoms Locations:
In	[0.76977283 0.0279588  0.43341455]
In	[0.5279588  0.43341455 0.73022717]
In	[0.23022717 0.9720412  0.56658545]
In	[0.22891031 0.72891031 0.77108969]
In	[0.56658545 0.26977283 0.4720412 ]
In	[0.76977283 0.4720412  0.93341455]
In	[0.22891031 0.77108969 0.27108969]
In	[0.43341455 0.76977283 0.0279588 ]
In	[0.93341455 0.76977283 0.4720412 ]
In	[0.4720412  0.56658545 0.26977283]
In	[0.26977283 0.0279588  0.06658545]
In	[0.93341455 0.73022717 0.9720412 ]
In	[0.77108969 0.27108969 0.22891031]
In	[0.0279588  0.43341455 0.76977283]
In	[0.56658545 0.23022717 0.9720412 ]
In	[0.26977283 0.4720412  0.56658545]
In	[0.73022717 0.5279588  0.43341455]
In	[0.72891031 0.72891031 0.72891031]
In	[0.23022717 0.5279588  0.06658545]
In	[0.0279588  0.06658545 0.26977283]
In	[0.5279588  0.06658545 0.23022717]
In	[0.9720412  0.93341455 0.73022717]
In	[0.27108969 0.22891031 0.77108969]
In	[0.43341455 0.73022717 0.5279588 ]
In	[0.72891031 0.77108969 0.22891031]
In	[0.4720412  0.93341455 0.76977283]
In	[0.73022717 0.9720412  0.93341455]
In	[0.77108969 0.22891031 0.72891031]
In	[0.06658545 0.23022717 0.5279588 ]
In	[0.9720412  0.56658545 0.23022717]
In	[0.06658545 0.26977283 0.0279588 ]
In	[0.27108969 0.27108969 0.27108969]
Sn	[0.60050689 0.89949311 0.10050689]
Sn	[0.60050689 0.60050689 0.60050689]
Sn	[0.39949311 0.10050689 0.89949311]
Sn	[0.89949311 0.10050689 0.60050689]
Sn	[0.89949311 0.39949311 0.10050689]
Sn	[0.10050689 0.89949311 0.39949311]
Sn	[0.10050689 0.60050689 0.89949311]
Sn	[0.39949311 0.39949311 0.39949311]
S	[0.0753002  0.25538747 0.32627329]
S	[0.4246998  0.75538747 0.32627329]
S	[0.75538747 0.17372671 0.9246998 ]
S	[0.25538747 0.32627329 0.0753002 ]
S	[0.9246998  0.75538747 0.17372671]
S	[0.57632256 0.42367744 0.92367744]
S	[0.74461253 0.82627329 0.4246998 ]
S	[0.9246998  0.74461253 0.67372671]
S	[0.67372671 0.9246998  0.74461253]
S	[0.4246998  0.74461253 0.82627329]
S	[0.17372671 0.9246998  0.75538747]
S	[0.5753002  0.25538747 0.17372671]
S	[0.0753002  0.24461253 0.82627329]
S	[0.75538747 0.32627329 0.4246998 ]
S	[0.82627329 0.0753002  0.24461253]
S	[0.07632256 0.42367744 0.57632256]
S	[0.17372671 0.5753002  0.25538747]
S	[0.82627329 0.4246998  0.74461253]
S	[0.57632256 0.07632256 0.42367744]
S	[0.07632256 0.07632256 0.07632256]
S	[0.25538747 0.17372671 0.5753002 ]
S	[0.67372671 0.5753002  0.24461253]
S	[0.42367744 0.57632256 0.07632256]
S	[0.24461253 0.67372671 0.5753002 ]
S	[0.74461253 0.67372671 0.9246998 ]
S	[0.32627329 0.4246998  0.75538747]
S	[0.32627329 0.0753002  0.25538747]
S	[0.24461253 0.82627329 0.0753002 ]
S	[0.42367744 0.92367744 0.57632256]
S	[0.92367744 0.92367744 0.92367744]
S	[0.5753002  0.24461253 0.67372671]
S	[0.92367744 0.57632256 0.42367744]

Filename: mp-561672.cif  K4IrO4  appeared: 2 times
Space Group: C2/m no. 12
Orientation Matrix:
5.98	0.00	1.67
2.18	5.57	1.67
0.00	0.00	6.72
Atoms Locations:
K	[0.62262852 0.62262852 0.136073  ]
K	[0.19242334 0.19242334 0.41527165]
K	[0.37737148 0.37737148 0.863927  ]
K	[0.80757666 0.80757666 0.58472835]
Ir	[0. 0. 0.]
O	[0.10337556 0.67477254 0.19919565]
O	[0.67477254 0.10337556 0.19919565]
O	[0.32522746 0.89662444 0.80080435]
O	[0.89662444 0.32522746 0.80080435]

