Filename: mp-557130.cif  Zn2SeCl2O3  appeared: 3 times
Space Group: Pccn no. 56
Orientation Matrix:
7.76	0.00	0.00
-0.00	10.64	0.00
0.00	0.00	15.86
Atoms Locations:
Zn	[0.897687 0.237513 0.475175]
Zn	[0.658959 0.005944 0.389847]
Zn	[0.602313 0.762487 0.975175]
Zn	[0.897687 0.262487 0.024825]
Zn	[0.841041 0.994056 0.889847]
Zn	[0.341041 0.994056 0.610153]
Zn	[0.102313 0.737513 0.975175]
Zn	[0.658959 0.494056 0.110153]
Zn	[0.397687 0.262487 0.475175]
Zn	[0.841041 0.505944 0.610153]
Zn	[0.158959 0.494056 0.389847]
Zn	[0.102313 0.762487 0.524825]
Zn	[0.397687 0.237513 0.024825]
Zn	[0.602313 0.737513 0.524825]
Zn	[0.341041 0.505944 0.889847]
Zn	[0.158959 0.005944 0.110153]
Te	[0.292837 0.971588 0.902669]
Te	[0.792837 0.528412 0.902669]
Te	[0.707163 0.471588 0.402669]
Te	[0.207163 0.028412 0.402669]
Te	[0.707163 0.028412 0.097331]
Te	[0.292837 0.528412 0.597331]
Te	[0.207163 0.471588 0.097331]
Te	[0.792837 0.971588 0.597331]
Cl	[0.332638 0.080074 0.210764]
Cl	[0.419797 0.202867 0.620292]
Cl	[0.167362 0.919926 0.710764]
Cl	[0.419797 0.297133 0.879708]
Cl	[0.832638 0.419926 0.210764]
Cl	[0.667362 0.580074 0.710764]
Cl	[0.332638 0.419926 0.289236]
Cl	[0.080203 0.797133 0.120292]
Cl	[0.667362 0.919926 0.789236]
Cl	[0.167362 0.580074 0.789236]
Cl	[0.580203 0.797133 0.379708]
Cl	[0.080203 0.702867 0.379708]
Cl	[0.832638 0.080074 0.289236]
Cl	[0.919797 0.297133 0.620292]
Cl	[0.919797 0.202867 0.879708]
Cl	[0.580203 0.702867 0.120292]
O	[0.195186 0.558292 0.990195]
O	[0.936708 0.412156 0.416568]
O	[0.142023 0.310869 0.056584]
O	[0.304814 0.441708 0.490195]
O	[0.857977 0.689131 0.943416]
O	[0.857977 0.810869 0.556584]
O	[0.563292 0.587844 0.916568]
O	[0.804814 0.058292 0.490195]
O	[0.142023 0.189131 0.443416]
O	[0.357977 0.810869 0.943416]
O	[0.063292 0.912156 0.916568]
O	[0.936708 0.087844 0.083432]
O	[0.695186 0.558292 0.509805]
O	[0.357977 0.689131 0.556584]
O	[0.063292 0.587844 0.583432]
O	[0.304814 0.058292 0.009805]
O	[0.642023 0.310869 0.443416]
O	[0.642023 0.189131 0.056584]
O	[0.804814 0.441708 0.009805]
O	[0.695186 0.941708 0.990195]
O	[0.195186 0.941708 0.509805]
O	[0.436708 0.087844 0.416568]
O	[0.563292 0.912156 0.583432]
O	[0.436708 0.412156 0.083432]

