Filename: mp-1019579.cif  RbNa3SnO4  appeared: 6 times
Space Group: I4_1/a no. 88
Orientation Matrix:
9.64	0.00	-4.31
-4.05	8.75	-4.31
0.00	0.00	10.56
Atoms Locations:
Ca	[0.195072 0.231518 0.492214]
Ca	[0.739304 0.702858 0.507786]
Ca	[0.981518 0.989304 0.536446]
Ca	[0.452858 0.445072 0.463554]
Ca	[0.554928 0.018482 0.007786]
Ca	[0.010696 0.547142 0.992214]
Ca	[0.768482 0.260696 0.963554]
Ca	[0.297142 0.804928 0.036446]
Mg	[0.16716  0.307061 0.867564]
Mg	[0.439496 0.299596 0.132436]
Mg	[0.057061 0.689496 0.639901]
Mg	[0.049596 0.41716  0.360099]
Mg	[0.58284  0.942939 0.632436]
Mg	[0.310504 0.950404 0.367564]
Mg	[0.692939 0.560504 0.860099]
Mg	[0.700404 0.83284  0.139901]
Mg	[0.452313 0.274326 0.856003]
Mg	[0.418323 0.59631  0.143997]
Mg	[0.024326 0.668323 0.322013]
Mg	[0.34631  0.702313 0.677987]
Mg	[0.297687 0.975674 0.643997]
Mg	[0.331677 0.65369  0.356003]
Mg	[0.725674 0.581677 0.177987]
Mg	[0.40369  0.547687 0.822013]
Mg	[0.907209 0.09213  0.12651 ]
Mg	[0.96562  0.780699 0.87349 ]
Mg	[0.84213 0.21562 0.68492]
Mg	[0.530699 0.157209 0.31508 ]
Mg	[0.842791 0.15787  0.37349 ]
Mg	[0.78438  0.469301 0.62651 ]
Mg	[0.90787 0.03438 0.81508]
Mg	[0.219301 0.092791 0.18492 ]
Si	[0.000934 0.860133 0.219061]
Si	[0.641072 0.781873 0.780939]
Si	[0.610133 0.891072 0.359199]
Si	[0.531873 0.250934 0.640801]
Si	[0.749066 0.389867 0.280939]
Si	[0.108928 0.468127 0.719061]
Si	[0.139867 0.358928 0.140801]
Si	[0.218127 0.999066 0.859199]
N	[0.247017 0.138335 0.807516]
N	[0.330819 0.439502 0.192484]
N	[0.888335 0.580819 0.391318]
N	[0.189502 0.497017 0.608682]
N	[0.502983 0.111665 0.692484]
N	[0.419181 0.810498 0.307516]
N	[0.861665 0.669181 0.108682]
N	[0.560498 0.752983 0.891318]
N	[0.926781 0.997027 0.267886]
N	[0.72914  0.658894 0.732114]
N	[0.747027 0.97914  0.570246]
N	[0.408894 0.176781 0.429754]
N	[0.823219 0.252973 0.232114]
N	[0.02086  0.591106 0.767886]
N	[0.002973 0.27086  0.929754]
N	[0.341106 0.073219 0.070246]
N	[0.135485 0.896604 0.413534]
N	[0.48307  0.721951 0.586466]
N	[0.646604 0.73307  0.26112 ]
N	[0.471951 0.385485 0.73888 ]
N	[0.614515 0.353396 0.086466]
N	[0.26693  0.528049 0.913534]
N	[0.103396 0.51693  0.23888 ]
N	[0.278049 0.864515 0.76112 ]
N	[0.002605 0.269702 0.623838]
N	[0.645865 0.378767 0.376162]
N	[0.019702 0.895865 0.767097]
N	[0.128767 0.252605 0.232903]
N	[0.747395 0.980298 0.876162]
N	[0.104135 0.871233 0.123838]
N	[0.730298 0.354135 0.732903]
N	[0.621233 0.997395 0.267097]

Filename: mp-1020627.cif  CsNa3TiO4  appeared: 4 times
Space Group: P-1 no. 2
Orientation Matrix:
5.73	0.00	1.34
1.21	7.39	0.84
0.00	0.00	10.00
Atoms Locations:
Sr	[0.997514 0.865303 0.8737  ]
Sr	[0.002486 0.134697 0.1263  ]
Sr	[0.976245 0.616468 0.628323]
Sr	[0.023755 0.383532 0.371677]
Li	[0.532651 0.674468 0.887486]
Li	[0.467349 0.325532 0.112514]
Li	[0.790571 0.820069 0.355861]
Li	[0.209429 0.179931 0.644139]
Al	[0.447963 0.045708 0.876565]
Al	[0.552037 0.954292 0.123435]
Al	[0.824423 0.059007 0.602278]
Al	[0.175577 0.940993 0.397722]
Al	[0.831878 0.291543 0.85212 ]
Al	[0.168122 0.708457 0.14788 ]
Al	[0.178869 0.442772 0.899954]
Al	[0.821131 0.557228 0.100046]
Al	[0.530879 0.438228 0.624615]
Al	[0.469121 0.561772 0.375385]
Al	[0.435773 0.796277 0.632973]
Al	[0.564227 0.203723 0.367027]
N	[0.65117  0.131898 0.971052]
N	[0.34883  0.868102 0.028948]
N	[0.626256 0.644862 0.49609 ]
N	[0.373744 0.355138 0.50391 ]
N	[0.613712 0.916313 0.72021 ]
N	[0.386288 0.083687 0.27979 ]
N	[0.849207 0.069147 0.407743]
N	[0.150793 0.930853 0.592257]
N	[0.16919  0.204675 0.856034]
N	[0.83081  0.795325 0.143966]
N	[0.838033 0.522586 0.911566]
N	[0.161967 0.477414 0.088434]
N	[0.80198  0.290561 0.667338]
N	[0.19802  0.709439 0.332662]
N	[0.340855 0.590284 0.761057]
N	[0.659145 0.409716 0.238943]

Filename: mp-554584.cif  Rb3NaTiO4  appeared: 2 times
Space Group: P2_1/c no. 14
Orientation Matrix:
6.78	0.00	0.00
-0.00	10.38	4.12
0.00	0.00	11.29
Atoms Locations:
Rb	[0.620871 0.681048 0.892946]
Rb	[0.323737 0.966273 0.671651]
Rb	[0.379129 0.318952 0.107054]
Rb	[0.120871 0.318952 0.607054]
Rb	[0.607178 0.455847 0.687891]
Rb	[0.392822 0.544153 0.312109]
Rb	[0.107178 0.544153 0.812109]
Rb	[0.892822 0.455847 0.187891]
Rb	[0.823737 0.033727 0.828349]
Rb	[0.879129 0.681048 0.392946]
Rb	[0.176263 0.966273 0.171651]
Rb	[0.676263 0.033727 0.328349]
Na	[0.61945  0.874915 0.109109]
Na	[0.88055  0.874915 0.609109]
Na	[0.11945  0.125085 0.390891]
Na	[0.38055  0.125085 0.890891]
Pb	[0.64259  0.241334 0.50967 ]
Pb	[0.35741  0.758666 0.49033 ]
Pb	[0.14259  0.758666 0.99033 ]
Pb	[0.85741  0.241334 0.00967 ]
O	[0.261822 0.571264 0.054445]
O	[0.238178 0.571264 0.554445]
O	[0.126499 0.895487 0.454719]
O	[0.005792 0.795552 0.81223 ]
O	[0.575486 0.770967 0.618765]
O	[0.924514 0.770967 0.118765]
O	[0.761822 0.428736 0.445555]
O	[0.738178 0.428736 0.945555]
O	[0.873501 0.104513 0.545281]
O	[0.424514 0.229033 0.381235]
O	[0.505792 0.204448 0.68777 ]
O	[0.075486 0.229033 0.881235]
O	[0.626499 0.104513 0.045281]
O	[0.994208 0.204448 0.18777 ]
O	[0.373501 0.895487 0.954719]
O	[0.494208 0.795552 0.31223 ]

